250 0.4666666666666667
251 0.5333333333333333
252 0.6
253 0.7333333333333333
254 0.7333333333333333
255 0.7333333333333333
256 0.7333333333333333
257 0.5333333333333333
258 0.5333333333333333
259 0.5333333333333333
260 0.26666666666666666
261 0.13333333333333333
262 0.06666666666666667
263 0.0
264 0.0
265 0.06666666666666667
266 0.2
267 0.26666666666666666
268 0.3333333333333333
269 0.4666666666666667
270 0.5333333333333333
271 0.7333333333333333
272 0.6666666666666666
273 0.8
274 0.8666666666666667
275 0.7333333333333333
276 0.6666666666666666
277 0.4666666666666667
278 0.5333333333333333
279 0.4666666666666667
280 0.4
281 0.4
282 0.26666666666666666
283 0.2
284 0.2
285 0.06666666666666667
286 0.2
287 0.4
288 0.5333333333333333
289 0.6
290 0.6666666666666666
291 0.6666666666666666
292 0.6666666666666666
293 0.6666666666666666
294 0.4
295 0.2
296 0.13333333333333333
297 0.13333333333333333
298 0.2
299 0.26666666666666666
300 0.3333333333333333
301 0.3333333333333333
302 0.4
303 0.5333333333333333
304 0.5333333333333333
305 0.6
306 0.6
307 0.6666666666666666
308 0.7333333333333333
309 0.6666666666666666
310 0.6
311 0.5333333333333333
312 0.3333333333333333
313 0.3333333333333333
314 0.3333333333333333
315 0.13333333333333333
316 0.06666666666666667
317 0.06666666666666667
318 0.0
319 0.0
320 0.2
321 0.26666666666666666
322 0.4
323 0.4666666666666667
324 0.6
325 0.6
326 0.6
327 0.6
328 0.6666666666666666
329 0.5333333333333333
330 0.4666666666666667
331 0.6666666666666666
332 0.6666666666666666
333 0.6
334 0.5333333333333333
335 0.4666666666666667
336 0.26666666666666666
337 0.4
338 0.4
339 0.3333333333333333
340 0.3333333333333333
341 0.3333333333333333
342 0.3333333333333333
343 0.3333333333333333
344 0.13333333333333333
345 0.13333333333333333
346 0.06666666666666667
347 0.06666666666666667
348 0.26666666666666666
349 0.4
350 0.4
351 0.5333333333333333
352 0.8
353 0.8666666666666667
354 0.8666666666666667
355 0.8666666666666667
356 0.9333333333333333
357 0.8666666666666667
358 0.7333333333333333
359 0.6666666666666666
360 0.4
361 0.26666666666666666
362 0.13333333333333333
363 0.13333333333333333
364 0.0
365 0.0
366 0.0
367 0.0
368 0.0
369 0.2
370 0.26666666666666666
371 0.4666666666666667
372 0.6
373 0.6666666666666666
374 0.8666666666666667
375 0.9333333333333333
376 0.9333333333333333
377 0.8
378 0.7333333333333333
379 0.6
380 0.4666666666666667
381 0.4
382 0.4
383 0.26666666666666666
384 0.2
385 0.2
386 0.13333333333333333
387 0.26666666666666666
388 0.26666666666666666
389 0.3333333333333333
390 0.3333333333333333
391 0.3333333333333333
392 0.4666666666666667
393 0.6
394 0.5333333333333333
395 0.26666666666666666
396 0.26666666666666666
397 0.26666666666666666
398 0.4
399 0.4666666666666667
400 0.4666666666666667
401 0.3333333333333333
402 0.3333333333333333
403 0.4
404 0.4666666666666667
405 0.6666666666666666
406 0.7333333333333333
407 0.6666666666666666
408 0.5333333333333333
409 0.4
410 0.3333333333333333
411 0.26666666666666666
412 0.26666666666666666
413 0.2
414 0.2
415 0.2
416 0.26666666666666666
417 0.26666666666666666
418 0.3333333333333333
419 0.4666666666666667
420 0.4
421 0.4666666666666667
422 0.4666666666666667
423 0.4666666666666667
424 0.5333333333333333
425 0.5333333333333333
426 0.4
427 0.4666666666666667
428 0.4666666666666667
429 0.4
430 0.3333333333333333
431 0.3333333333333333
432 0.4
433 0.3333333333333333
434 0.3333333333333333
435 0.26666666666666666
436 0.4666666666666667
437 0.5333333333333333
438 0.5333333333333333
439 0.6
440 0.5333333333333333
441 0.5333333333333333
442 0.4666666666666667
443 0.4666666666666667
444 0.13333333333333333
445 0.13333333333333333
446 0.13333333333333333
447 0.06666666666666667
448 0.2
449 0.2
450 0.3333333333333333
451 0.26666666666666666
452 0.4
453 0.6666666666666666
454 0.7333333333333333
455 0.8
456 0.8
457 0.8
458 0.9333333333333333
459 0.8666666666666667
460 0.6666666666666666
461 0.4666666666666667
462 0.26666666666666666
463 0.26666666666666666
464 0.13333333333333333
465 0.06666666666666667
466 0.0
467 0.0
468 0.06666666666666667
469 0.13333333333333333
470 0.13333333333333333
471 0.26666666666666666
472 0.4
473 0.6
474 0.6666666666666666
475 0.7333333333333333
476 0.6
477 0.7333333333333333
478 0.7333333333333333
479 0.6666666666666666
480 0.6
481 0.5333333333333333
482 0.4666666666666667
483 0.4666666666666667
484 0.4
485 0.26666666666666666
486 0.3333333333333333
487 0.3333333333333333
488 0.3333333333333333
489 0.4
490 0.3333333333333333
491 0.3333333333333333
492 0.3333333333333333
493 0.26666666666666666
494 0.26666666666666666
495 0.2
496 0.2
497 0.26666666666666666
498 0.3333333333333333
499 0.6
500 0.6
501 0.6
502 0.6
503 0.8
504 0.7333333333333333
505 0.8666666666666667
506 0.7333333333333333
507 0.6
508 0.4666666666666667
509 0.4666666666666667
510 0.4
511 0.26666666666666666
512 0.2
513 0.06666666666666667
514 0.0
515 0.06666666666666667
516 0.13333333333333333
517 0.13333333333333333
518 0.3333333333333333
519 0.4666666666666667
520 0.4666666666666667
521 0.5333333333333333
522 0.6666666666666666
523 0.7333333333333333
524 0.8666666666666667
525 0.8
526 0.6
527 0.5333333333333333
528 0.4666666666666667
529 0.4666666666666667
530 0.4
531 0.3333333333333333
532 0.3333333333333333
533 0.26666666666666666
534 0.2
535 0.06666666666666667
536 0.2
537 0.3333333333333333
538 0.4666666666666667
539 0.6
540 0.6
541 0.6
542 0.6
543 0.6
544 0.4
545 0.2
546 0.13333333333333333
547 0.06666666666666667
548 0.06666666666666667
549 0.06666666666666667
550 0.26666666666666666
551 0.3333333333333333
552 0.4
553 0.4666666666666667
554 0.5333333333333333
555 0.6666666666666666
556 0.6666666666666666
557 0.8
558 0.8
559 0.7333333333333333
560 0.5333333333333333
561 0.5333333333333333
562 0.5333333333333333
563 0.4
564 0.3333333333333333
565 0.26666666666666666
566 0.2
567 0.13333333333333333
568 0.13333333333333333
569 0.13333333333333333
570 0.2
571 0.26666666666666666
572 0.3333333333333333
573 0.3333333333333333
574 0.6
575 0.6
576 0.5333333333333333
577 0.4666666666666667
578 0.4666666666666667
579 0.5333333333333333
580 0.5333333333333333
581 0.5333333333333333
582 0.6666666666666666
583 0.6666666666666666
584 0.5333333333333333
585 0.4666666666666667
586 0.4
587 0.4666666666666667
588 0.4
589 0.26666666666666666
590 0.3333333333333333
591 0.3333333333333333
592 0.3333333333333333
593 0.26666666666666666
594 0.2
595 0.13333333333333333
596 0.06666666666666667
597 0.13333333333333333
598 0.2
599 0.3333333333333333
600 0.4666666666666667
601 0.4666666666666667
602 0.6666666666666666
603 0.8
604 0.8666666666666667
605 0.8666666666666667
606 0.9333333333333333
607 0.8
608 0.7333333333333333
609 0.6
610 0.4
611 0.26666666666666666
612 0.13333333333333333
613 0.06666666666666667
614 0.0
615 0.0
616 0.0
617 0.0
618 0.06666666666666667
619 0.2
620 0.3333333333333333
621 0.3333333333333333
622 0.6
623 0.7333333333333333
624 0.8
625 0.9333333333333333
626 0.8666666666666667
627 0.7333333333333333
628 0.6
629 0.6
630 0.5333333333333333
631 0.4666666666666667
632 0.2
633 0.2
634 0.13333333333333333
635 0.2
636 0.2
637 0.26666666666666666
638 0.2
639 0.3333333333333333
640 0.3333333333333333
641 0.4
642 0.4
643 0.6
644 0.4
645 0.4
646 0.26666666666666666
647 0.13333333333333333
648 0.2
649 0.3333333333333333
650 0.4
651 0.4
652 0.4
653 0.4
654 0.5333333333333333
655 0.6666666666666666
656 0.6666666666666666
657 0.6666666666666666
658 0.7333333333333333
659 0.6
660 0.3333333333333333
661 0.13333333333333333
662 0.2
663 0.2
664 0.26666666666666666
665 0.13333333333333333
666 0.2
667 0.26666666666666666
668 0.2
669 0.4
670 0.4
671 0.5333333333333333
672 0.4666666666666667
673 0.4
674 0.4
675 0.4
676 0.4666666666666667
677 0.5333333333333333
678 0.6
679 0.3333333333333333
680 0.3333333333333333
681 0.3333333333333333
682 0.4
683 0.4
684 0.4666666666666667
685 0.4
686 0.5333333333333333
687 0.5333333333333333
688 0.4666666666666667
689 0.5333333333333333
690 0.5333333333333333
691 0.5333333333333333
692 0.5333333333333333
693 0.4
694 0.3333333333333333
695 0.13333333333333333
696 0.2
697 0.13333333333333333
698 0.06666666666666667
699 0.13333333333333333
700 0.2
701 0.26666666666666666
702 0.26666666666666666
703 0.5333333333333333
704 0.6666666666666666
705 0.8
706 0.8666666666666667
707 0.9333333333333333
708 0.8666666666666667
709 0.8666666666666667
710 0.6666666666666666
711 0.5333333333333333
712 0.4
713 0.26666666666666666
714 0.13333333333333333
715 0.13333333333333333
716 0.06666666666666667
717 0.0
718 0.13333333333333333
719 0.2
720 0.2
721 0.3333333333333333
722 0.3333333333333333
723 0.4666666666666667
724 0.4666666666666667
725 0.6666666666666666
726 0.5333333333333333
727 0.7333333333333333
728 0.7333333333333333
729 0.6
730 0.5333333333333333
731 0.5333333333333333
732 0.5333333333333333
733 0.5333333333333333
734 0.4666666666666667
735 0.26666666666666666
736 0.3333333333333333
737 0.4
738 0.4666666666666667
739 0.4666666666666667
740 0.3333333333333333
