250 0.4444444444444444
251 0.4444444444444444
252 0.3333333333333333
253 0.4074074074074074
254 0.4444444444444444
255 0.4074074074074074
256 0.4444444444444444
257 0.4074074074074074
258 0.4444444444444444
259 0.37037037037037035
260 0.2962962962962963
261 0.25925925925925924
262 0.2962962962962963
263 0.4444444444444444
264 0.4444444444444444
265 0.4074074074074074
266 0.37037037037037035
267 0.37037037037037035
268 0.4444444444444444
269 0.48148148148148145
270 0.4444444444444444
271 0.4074074074074074
272 0.4074074074074074
273 0.4074074074074074
274 0.4444444444444444
275 0.4444444444444444
276 0.4074074074074074
277 0.37037037037037035
278 0.4074074074074074
279 0.37037037037037035
280 0.2962962962962963
281 0.3333333333333333
282 0.4074074074074074
283 0.4074074074074074
284 0.4444444444444444
285 0.37037037037037035
286 0.37037037037037035
287 0.48148148148148145
288 0.4444444444444444
289 0.4444444444444444
290 0.37037037037037035
291 0.4074074074074074
292 0.5185185185185185
293 0.4444444444444444
294 0.4444444444444444
295 0.4444444444444444
296 0.48148148148148145
297 0.4074074074074074
298 0.4074074074074074
299 0.37037037037037035
300 0.37037037037037035
301 0.4444444444444444
302 0.37037037037037035
303 0.2962962962962963
304 0.2962962962962963
305 0.37037037037037035
306 0.4444444444444444
307 0.4444444444444444
308 0.4074074074074074
309 0.37037037037037035
310 0.37037037037037035
311 0.4444444444444444
312 0.5555555555555556
313 0.4444444444444444
314 0.4074074074074074
315 0.5185185185185185
316 0.5185185185185185
317 0.4074074074074074
318 0.4444444444444444
319 0.4074074074074074
320 0.4444444444444444
321 0.4444444444444444
322 0.3333333333333333
323 0.2962962962962963
324 0.3333333333333333
325 0.4074074074074074
326 0.4074074074074074
327 0.4074074074074074
328 0.3333333333333333
329 0.4074074074074074
330 0.37037037037037035
331 0.4444444444444444
332 0.4444444444444444
333 0.4444444444444444
334 0.48148148148148145
335 0.5555555555555556
336 0.5185185185185185
337 0.48148148148148145
338 0.5555555555555556
339 0.48148148148148145
340 0.4444444444444444
341 0.3333333333333333
342 0.3333333333333333
343 0.3333333333333333
344 0.3333333333333333
345 0.37037037037037035
346 0.25925925925925924
347 0.25925925925925924
348 0.2962962962962963
349 0.37037037037037035
350 0.4074074074074074
351 0.3333333333333333
352 0.4444444444444444
353 0.5555555555555556
354 0.5925925925925926
355 0.5925925925925926
356 0.5925925925925926
357 0.5925925925925926
358 0.5185185185185185
359 0.5185185185185185
360 0.37037037037037035
361 0.37037037037037035
362 0.2962962962962963
363 0.3333333333333333
364 0.2222222222222222
365 0.18518518518518517
366 0.2222222222222222
367 0.25925925925925924
368 0.25925925925925924
369 0.18518518518518517
370 0.37037037037037035
371 0.37037037037037035
372 0.48148148148148145
373 0.6296296296296297
374 0.6296296296296297
375 0.6666666666666666
376 0.7037037037037037
377 0.6666666666666666
378 0.5925925925925926
379 0.5185185185185185
380 0.4074074074074074
381 0.2962962962962963
382 0.2962962962962963
383 0.18518518518518517
384 0.18518518518518517
385 0.14814814814814814
386 0.14814814814814814
387 0.18518518518518517
388 0.14814814814814814
389 0.2222222222222222
390 0.37037037037037035
391 0.4074074074074074
392 0.5555555555555556
393 0.6666666666666666
394 0.7777777777777778
395 0.7407407407407407
396 0.7407407407407407
397 0.7037037037037037
398 0.5925925925925926
399 0.5185185185185185
400 0.37037037037037035
401 0.2962962962962963
402 0.18518518518518517
403 0.14814814814814814
404 0.1111111111111111
405 0.1111111111111111
406 0.037037037037037035
407 0.1111111111111111
408 0.14814814814814814
409 0.25925925925925924
410 0.2962962962962963
411 0.48148148148148145
412 0.7407407407407407
413 0.8148148148148148
414 0.8148148148148148
415 0.8148148148148148
416 0.8888888888888888
417 0.7407407407407407
418 0.5925925925925926
419 0.5185185185185185
420 0.2962962962962963
421 0.14814814814814814
422 0.14814814814814814
423 0.1111111111111111
424 0.0
425 0.0
426 0.037037037037037035
427 0.07407407407407407
428 0.18518518518518517
429 0.25925925925925924
430 0.37037037037037035
431 0.5555555555555556
432 0.7407407407407407
433 0.8888888888888888
434 0.8518518518518519
435 0.9259259259259259
436 0.7777777777777778
437 0.6666666666666666
438 0.5925925925925926
439 0.4444444444444444
440 0.2962962962962963
441 0.1111111111111111
442 0.1111111111111111
443 0.0
444 0.0
445 0.0
446 0.037037037037037035
447 0.07407407407407407
448 0.25925925925925924
449 0.3333333333333333
450 0.48148148148148145
451 0.6296296296296297
452 0.7777777777777778
453 0.9629629629629629
454 0.9629629629629629
455 0.9259259259259259
456 0.7407407407407407
457 0.6666666666666666
458 0.48148148148148145
459 0.4074074074074074
460 0.2962962962962963
461 0.037037037037037035
462 0.0
463 0.0
464 0.0
465 0.0
466 0.0
467 0.14814814814814814
468 0.37037037037037035
469 0.48148148148148145
470 0.5555555555555556
471 0.7037037037037037
472 0.8518518518518519
473 0.9259259259259259
474 0.9629629629629629
475 0.8888888888888888
476 0.7407407407407407
477 0.48148148148148145
478 0.4444444444444444
479 0.3333333333333333
480 0.25925925925925924
481 0.037037037037037035
482 0.0
483 0.0
484 0.0
485 0.0
486 0.037037037037037035
487 0.25925925925925924
488 0.4074074074074074
489 0.5555555555555556
490 0.6296296296296297
491 0.7407407407407407
492 0.7777777777777778
493 0.8518518518518519
494 0.9259259259259259
495 0.7407407407407407
496 0.5555555555555556
497 0.48148148148148145
498 0.37037037037037035
499 0.25925925925925924
500 0.2222222222222222
501 0.14814814814814814
502 0.037037037037037035
503 0.0
504 0.0
505 0.037037037037037035
506 0.2222222222222222
507 0.37037037037037035
508 0.5185185185185185
509 0.5555555555555556
510 0.6296296296296297
511 0.7407407407407407
512 0.7777777777777778
513 0.7777777777777778
514 0.7407407407407407
515 0.5925925925925926
516 0.5185185185185185
517 0.4444444444444444
518 0.37037037037037035
519 0.2222222222222222
520 0.2222222222222222
521 0.18518518518518517
522 0.07407407407407407
523 0.0
524 0.037037037037037035
525 0.2222222222222222
526 0.2962962962962963
527 0.5185185185185185
528 0.5185185185185185
529 0.5555555555555556
530 0.6666666666666666
531 0.7037037037037037
532 0.7407407407407407
533 0.6296296296296297
534 0.6296296296296297
535 0.4444444444444444
536 0.4444444444444444
537 0.48148148148148145
538 0.37037037037037035
539 0.2222222222222222
540 0.18518518518518517
541 0.18518518518518517
542 0.1111111111111111
543 0.2222222222222222
544 0.2222222222222222
545 0.3333333333333333
546 0.4444444444444444
547 0.5185185185185185
548 0.5185185185185185
549 0.5185185185185185
550 0.5555555555555556
551 0.5555555555555556
552 0.5555555555555556
553 0.48148148148148145
554 0.4074074074074074
555 0.4074074074074074
556 0.4444444444444444
557 0.4444444444444444
558 0.4444444444444444
559 0.25925925925925924
560 0.2222222222222222
561 0.18518518518518517
562 0.2962962962962963
563 0.37037037037037035
564 0.4074074074074074
565 0.48148148148148145
566 0.48148148148148145
567 0.5185185185185185
568 0.5185185185185185
569 0.5185185185185185
570 0.37037037037037035
571 0.5185185185185185
572 0.4444444444444444
573 0.37037037037037035
574 0.4074074074074074
575 0.4074074074074074
576 0.4074074074074074
577 0.4074074074074074
578 0.4074074074074074
579 0.2962962962962963
580 0.2222222222222222
581 0.4074074074074074
582 0.4444444444444444
583 0.4074074074074074
584 0.4444444444444444
585 0.5185185185185185
586 0.5185185185185185
587 0.5185185185185185
588 0.48148148148148145
589 0.3333333333333333
590 0.2962962962962963
591 0.25925925925925924
592 0.4074074074074074
593 0.3333333333333333
594 0.3333333333333333
595 0.4074074074074074
596 0.37037037037037035
597 0.37037037037037035
598 0.37037037037037035
599 0.4444444444444444
600 0.48148148148148145
601 0.48148148148148145
602 0.48148148148148145
603 0.48148148148148145
604 0.48148148148148145
605 0.5555555555555556
606 0.5185185185185185
607 0.4074074074074074
608 0.25925925925925924
609 0.2962962962962963
610 0.2962962962962963
611 0.2222222222222222
612 0.3333333333333333
613 0.3333333333333333
614 0.37037037037037035
615 0.37037037037037035
616 0.3333333333333333
617 0.3333333333333333
618 0.5185185185185185
619 0.5925925925925926
620 0.5185185185185185
621 0.5185185185185185
622 0.5185185185185185
623 0.5185185185185185
624 0.5555555555555556
625 0.5185185185185185
626 0.37037037037037035
627 0.25925925925925924
628 0.2962962962962963
629 0.25925925925925924
630 0.25925925925925924
631 0.25925925925925924
632 0.25925925925925924
633 0.2962962962962963
634 0.2962962962962963
635 0.3333333333333333
636 0.3333333333333333
637 0.5555555555555556
638 0.5925925925925926
639 0.6296296296296297
640 0.5185185185185185
641 0.5925925925925926
642 0.5555555555555556
643 0.48148148148148145
644 0.48148148148148145
645 0.3333333333333333
646 0.2962962962962963
647 0.3333333333333333
648 0.25925925925925924
649 0.2222222222222222
650 0.2222222222222222
651 0.2222222222222222
652 0.18518518518518517
653 0.25925925925925924
654 0.2962962962962963
655 0.3333333333333333
656 0.5185185185185185
657 0.5925925925925926
658 0.6296296296296297
659 0.5925925925925926
660 0.6296296296296297
661 0.5925925925925926
662 0.5555555555555556
663 0.4444444444444444
664 0.2962962962962963
665 0.2962962962962963
666 0.3333333333333333
667 0.3333333333333333
668 0.2962962962962963
669 0.2222222222222222
670 0.18518518518518517
671 0.18518518518518517
672 0.18518518518518517
673 0.2962962962962963
674 0.4444444444444444
675 0.4444444444444444
676 0.5555555555555556
677 0.5925925925925926
678 0.6296296296296297
679 0.6296296296296297
680 0.5555555555555556
681 0.5555555555555556
682 0.37037037037037035
683 0.2962962962962963
684 0.3333333333333333
685 0.2962962962962963
686 0.2962962962962963
687 0.2962962962962963
688 0.25925925925925924
689 0.25925925925925924
690 0.25925925925925924
691 0.2222222222222222
692 0.3333333333333333
693 0.4074074074074074
694 0.37037037037037035
695 0.5185185185185185
696 0.5555555555555556
697 0.5925925925925926
698 0.6296296296296297
699 0.6296296296296297
700 0.48148148148148145
701 0.4074074074074074
702 0.3333333333333333
703 0.3333333333333333
704 0.3333333333333333
705 0.2962962962962963
706 0.3333333333333333
707 0.25925925925925924
708 0.25925925925925924
709 0.25925925925925924
710 0.2962962962962963
711 0.37037037037037035
712 0.37037037037037035
713 0.4074074074074074
714 0.37037037037037035
715 0.5185185185185185
716 0.5555555555555556
717 0.5555555555555556
718 0.5925925925925926
719 0.5185185185185185
720 0.4444444444444444
721 0.37037037037037035
722 0.37037037037037035
723 0.2962962962962963
724 0.2962962962962963
725 0.3333333333333333
726 0.3333333333333333
727 0.25925925925925924
728 0.2962962962962963
729 0.37037037037037035
730 0.4444444444444444
731 0.4444444444444444
732 0.37037037037037035
733 0.4444444444444444
734 0.4074074074074074
735 0.48148148148148145
736 0.5555555555555556
737 0.5185185185185185
738 0.4074074074074074
739 0.48148148148148145
740 0.4074074074074074
