250 0.14814814814814814
251 0.18518518518518517
252 0.25925925925925924
253 0.25925925925925924
254 0.25925925925925924
255 0.2962962962962963
256 0.4444444444444444
257 0.4074074074074074
258 0.37037037037037035
259 0.25925925925925924
260 0.18518518518518517
261 0.2962962962962963
262 0.2962962962962963
263 0.4074074074074074
264 0.2962962962962963
265 0.18518518518518517
266 0.07407407407407407
267 0.2222222222222222
268 0.25925925925925924
269 0.2962962962962963
270 0.18518518518518517
271 0.1111111111111111
272 0.1111111111111111
273 0.2222222222222222
274 0.2222222222222222
275 0.1111111111111111
276 0.14814814814814814
277 0.14814814814814814
278 0.1111111111111111
279 0.037037037037037035
280 0.07407407407407407
281 0.2222222222222222
282 0.25925925925925924
283 0.25925925925925924
284 0.18518518518518517
285 0.2222222222222222
286 0.3333333333333333
287 0.48148148148148145
288 0.4444444444444444
289 0.48148148148148145
290 0.3333333333333333
291 0.18518518518518517
292 0.2962962962962963
293 0.2222222222222222
294 0.2962962962962963
295 0.18518518518518517
296 0.1111111111111111
297 0.14814814814814814
298 0.2222222222222222
299 0.25925925925925924
300 0.14814814814814814
301 0.1111111111111111
302 0.1111111111111111
303 0.14814814814814814
304 0.14814814814814814
305 0.1111111111111111
306 0.2222222222222222
307 0.25925925925925924
308 0.2962962962962963
309 0.1111111111111111
310 0.18518518518518517
311 0.25925925925925924
312 0.3333333333333333
313 0.25925925925925924
314 0.25925925925925924
315 0.2222222222222222
316 0.25925925925925924
317 0.4074074074074074
318 0.3333333333333333
319 0.3333333333333333
320 0.2962962962962963
321 0.2222222222222222
322 0.18518518518518517
323 0.14814814814814814
324 0.25925925925925924
325 0.25925925925925924
326 0.14814814814814814
327 0.2222222222222222
328 0.2962962962962963
329 0.25925925925925924
330 0.2222222222222222
331 0.1111111111111111
332 0.25925925925925924
333 0.2222222222222222
334 0.14814814814814814
335 0.14814814814814814
336 0.25925925925925924
337 0.2962962962962963
338 0.25925925925925924
339 0.14814814814814814
340 0.07407407407407407
341 0.2222222222222222
342 0.25925925925925924
343 0.25925925925925924
344 0.1111111111111111
345 0.14814814814814814
346 0.1111111111111111
347 0.2222222222222222
348 0.2222222222222222
349 0.2962962962962963
350 0.25925925925925924
351 0.25925925925925924
352 0.2222222222222222
353 0.2962962962962963
354 0.4074074074074074
355 0.3333333333333333
356 0.18518518518518517
357 0.2962962962962963
358 0.2962962962962963
359 0.18518518518518517
360 0.18518518518518517
361 0.2222222222222222
362 0.2962962962962963
363 0.25925925925925924
364 0.25925925925925924
365 0.07407407407407407
366 0.25925925925925924
367 0.2962962962962963
368 0.2222222222222222
369 0.2222222222222222
370 0.14814814814814814
371 0.1111111111111111
372 0.14814814814814814
373 0.18518518518518517
374 0.037037037037037035
375 0.07407407407407407
376 0.07407407407407407
377 0.18518518518518517
378 0.18518518518518517
379 0.25925925925925924
380 0.18518518518518517
381 0.25925925925925924
382 0.2962962962962963
383 0.37037037037037035
384 0.4444444444444444
385 0.37037037037037035
386 0.2962962962962963
387 0.37037037037037035
388 0.4074074074074074
389 0.37037037037037035
390 0.2222222222222222
391 0.2962962962962963
392 0.3333333333333333
393 0.25925925925925924
394 0.2222222222222222
395 0.18518518518518517
396 0.18518518518518517
397 0.18518518518518517
398 0.1111111111111111
399 0.037037037037037035
400 0.037037037037037035
401 0.07407407407407407
402 0.037037037037037035
403 0.037037037037037035
404 0.037037037037037035
405 0.07407407407407407
406 0.037037037037037035
407 0.07407407407407407
408 0.2222222222222222
409 0.2962962962962963
410 0.25925925925925924
411 0.2962962962962963
412 0.4074074074074074
413 0.5555555555555556
414 0.5555555555555556
415 0.4444444444444444
416 0.4444444444444444
417 0.5555555555555556
418 0.5555555555555556
419 0.4074074074074074
420 0.2222222222222222
421 0.2222222222222222
422 0.2222222222222222
423 0.18518518518518517
424 0.037037037037037035
425 0.07407407407407407
426 0.037037037037037035
427 0.07407407407407407
428 0.037037037037037035
429 0.0
430 0.037037037037037035
431 0.0
432 0.1111111111111111
433 0.037037037037037035
434 0.037037037037037035
435 0.037037037037037035
436 0.0
437 0.14814814814814814
438 0.2962962962962963
439 0.3333333333333333
440 0.37037037037037035
441 0.4074074074074074
442 0.6666666666666666
443 0.7037037037037037
444 0.6666666666666666
445 0.5555555555555556
446 0.5185185185185185
447 0.5185185185185185
448 0.5185185185185185
449 0.2962962962962963
450 0.14814814814814814
451 0.1111111111111111
452 0.07407407407407407
453 0.037037037037037035
454 0.0
455 0.037037037037037035
456 0.0
457 0.0
458 0.037037037037037035
459 0.037037037037037035
460 0.0
461 0.0
462 0.07407407407407407
463 0.07407407407407407
464 0.1111111111111111
465 0.0
466 0.1111111111111111
467 0.25925925925925924
468 0.37037037037037035
469 0.5185185185185185
470 0.48148148148148145
471 0.6666666666666666
472 0.5925925925925926
473 0.7037037037037037
474 0.6666666666666666
475 0.4444444444444444
476 0.48148148148148145
477 0.2962962962962963
478 0.14814814814814814
479 0.1111111111111111
480 0.037037037037037035
481 0.07407407407407407
482 0.037037037037037035
483 0.037037037037037035
484 0.037037037037037035
485 0.037037037037037035
486 0.0
487 0.0
488 0.1111111111111111
489 0.1111111111111111
490 0.037037037037037035
491 0.037037037037037035
492 0.14814814814814814
493 0.14814814814814814
494 0.037037037037037035
495 0.037037037037037035
496 0.2962962962962963
497 0.37037037037037035
498 0.5185185185185185
499 0.5555555555555556
500 0.48148148148148145
501 0.6296296296296297
502 0.5555555555555556
503 0.5185185185185185
504 0.37037037037037035
505 0.4444444444444444
506 0.25925925925925924
507 0.2222222222222222
508 0.1111111111111111
509 0.1111111111111111
510 0.1111111111111111
511 0.07407407407407407
512 0.0
513 0.0
514 0.0
515 0.0
516 0.0
517 0.1111111111111111
518 0.18518518518518517
519 0.1111111111111111
520 0.037037037037037035
521 0.1111111111111111
522 0.2222222222222222
523 0.25925925925925924
524 0.25925925925925924
525 0.2222222222222222
526 0.3333333333333333
527 0.37037037037037035
528 0.5185185185185185
529 0.37037037037037035
530 0.4074074074074074
531 0.4444444444444444
532 0.3333333333333333
533 0.4074074074074074
534 0.3333333333333333
535 0.2962962962962963
536 0.25925925925925924
537 0.18518518518518517
538 0.14814814814814814
539 0.1111111111111111
540 0.1111111111111111
541 0.07407407407407407
542 0.1111111111111111
543 0.07407407407407407
544 0.037037037037037035
545 0.0
546 0.037037037037037035
547 0.14814814814814814
548 0.25925925925925924
549 0.14814814814814814
550 0.07407407407407407
551 0.2222222222222222
552 0.3333333333333333
553 0.3333333333333333
554 0.25925925925925924
555 0.2962962962962963
556 0.25925925925925924
557 0.25925925925925924
558 0.3333333333333333
559 0.3333333333333333
560 0.4074074074074074
561 0.4444444444444444
562 0.37037037037037035
563 0.2962962962962963
564 0.3333333333333333
565 0.2222222222222222
566 0.2222222222222222
567 0.18518518518518517
568 0.18518518518518517
569 0.07407407407407407
570 0.14814814814814814
571 0.1111111111111111
572 0.14814814814814814
573 0.18518518518518517
574 0.14814814814814814
575 0.07407407407407407
576 0.14814814814814814
577 0.25925925925925924
578 0.2222222222222222
579 0.14814814814814814
580 0.07407407407407407
581 0.25925925925925924
582 0.2962962962962963
583 0.3333333333333333
584 0.25925925925925924
585 0.25925925925925924
586 0.2222222222222222
587 0.2222222222222222
588 0.3333333333333333
589 0.3333333333333333
590 0.25925925925925924
591 0.25925925925925924
592 0.25925925925925924
593 0.3333333333333333
594 0.25925925925925924
595 0.18518518518518517
596 0.18518518518518517
597 0.18518518518518517
598 0.2222222222222222
599 0.18518518518518517
600 0.07407407407407407
601 0.14814814814814814
602 0.2962962962962963
603 0.2962962962962963
604 0.18518518518518517
605 0.14814814814814814
606 0.25925925925925924
607 0.25925925925925924
608 0.2222222222222222
609 0.14814814814814814
610 0.1111111111111111
611 0.1111111111111111
612 0.18518518518518517
613 0.25925925925925924
614 0.3333333333333333
615 0.2962962962962963
616 0.2962962962962963
617 0.18518518518518517
618 0.37037037037037035
619 0.2962962962962963
620 0.2222222222222222
621 0.18518518518518517
622 0.2962962962962963
623 0.2222222222222222
624 0.2962962962962963
625 0.2222222222222222
626 0.25925925925925924
627 0.25925925925925924
628 0.2962962962962963
629 0.18518518518518517
630 0.25925925925925924
631 0.2222222222222222
632 0.25925925925925924
633 0.2222222222222222
634 0.2222222222222222
635 0.07407407407407407
636 0.14814814814814814
637 0.18518518518518517
638 0.14814814814814814
639 0.18518518518518517
640 0.14814814814814814
641 0.07407407407407407
642 0.1111111111111111
643 0.25925925925925924
644 0.25925925925925924
645 0.2222222222222222
646 0.2222222222222222
647 0.25925925925925924
648 0.25925925925925924
649 0.2962962962962963
650 0.14814814814814814
651 0.14814814814814814
652 0.25925925925925924
653 0.25925925925925924
654 0.2962962962962963
655 0.25925925925925924
656 0.2962962962962963
657 0.2962962962962963
658 0.25925925925925924
659 0.2962962962962963
660 0.18518518518518517
661 0.3333333333333333
662 0.25925925925925924
663 0.25925925925925924
664 0.2222222222222222
665 0.07407407407407407
666 0.07407407407407407
667 0.14814814814814814
668 0.18518518518518517
669 0.2222222222222222
670 0.14814814814814814
671 0.1111111111111111
672 0.07407407407407407
673 0.14814814814814814
674 0.25925925925925924
675 0.18518518518518517
676 0.18518518518518517
677 0.25925925925925924
678 0.3333333333333333
679 0.25925925925925924
680 0.18518518518518517
681 0.18518518518518517
682 0.2962962962962963
683 0.3333333333333333
684 0.2962962962962963
685 0.2222222222222222
686 0.25925925925925924
687 0.2962962962962963
688 0.2962962962962963
689 0.25925925925925924
690 0.2222222222222222
691 0.18518518518518517
692 0.18518518518518517
693 0.18518518518518517
694 0.2222222222222222
695 0.25925925925925924
696 0.18518518518518517
697 0.2222222222222222
698 0.18518518518518517
699 0.18518518518518517
700 0.07407407407407407
701 0.037037037037037035
702 0.18518518518518517
703 0.2222222222222222
704 0.2222222222222222
705 0.25925925925925924
706 0.25925925925925924
707 0.37037037037037035
708 0.37037037037037035
709 0.2962962962962963
710 0.2222222222222222
711 0.14814814814814814
712 0.2962962962962963
713 0.18518518518518517
714 0.18518518518518517
715 0.2222222222222222
716 0.2222222222222222
717 0.2962962962962963
718 0.3333333333333333
719 0.14814814814814814
720 0.1111111111111111
721 0.14814814814814814
722 0.18518518518518517
723 0.2222222222222222
724 0.2222222222222222
725 0.25925925925925924
726 0.25925925925925924
727 0.25925925925925924
728 0.2962962962962963
729 0.2222222222222222
730 0.14814814814814814
731 0.18518518518518517
732 0.18518518518518517
733 0.3333333333333333
734 0.18518518518518517
735 0.2222222222222222
736 0.18518518518518517
737 0.2962962962962963
738 0.3333333333333333
739 0.25925925925925924
740 0.14814814814814814
