250 0.037037037037037035
251 0.07407407407407407
252 0.07407407407407407
253 0.14814814814814814
254 0.18518518518518517
255 0.2222222222222222
256 0.2962962962962963
257 0.25925925925925924
258 0.2962962962962963
259 0.3333333333333333
260 0.2962962962962963
261 0.37037037037037035
262 0.4074074074074074
263 0.4074074074074074
264 0.37037037037037035
265 0.3333333333333333
266 0.37037037037037035
267 0.37037037037037035
268 0.3333333333333333
269 0.3333333333333333
270 0.2962962962962963
271 0.25925925925925924
272 0.25925925925925924
273 0.14814814814814814
274 0.1111111111111111
275 0.07407407407407407
276 0.1111111111111111
277 0.07407407407407407
278 0.07407407407407407
279 0.1111111111111111
280 0.1111111111111111
281 0.1111111111111111
282 0.18518518518518517
283 0.2222222222222222
284 0.3333333333333333
285 0.37037037037037035
286 0.4444444444444444
287 0.48148148148148145
288 0.4444444444444444
289 0.4074074074074074
290 0.4074074074074074
291 0.4444444444444444
292 0.37037037037037035
293 0.37037037037037035
294 0.37037037037037035
295 0.37037037037037035
296 0.37037037037037035
297 0.3333333333333333
298 0.25925925925925924
299 0.25925925925925924
300 0.18518518518518517
301 0.18518518518518517
302 0.1111111111111111
303 0.14814814814814814
304 0.14814814814814814
305 0.1111111111111111
306 0.14814814814814814
307 0.1111111111111111
308 0.1111111111111111
309 0.2222222222222222
310 0.2962962962962963
311 0.3333333333333333
312 0.2962962962962963
313 0.3333333333333333
314 0.3333333333333333
315 0.37037037037037035
316 0.48148148148148145
317 0.5555555555555556
318 0.48148148148148145
319 0.4074074074074074
320 0.3333333333333333
321 0.2962962962962963
322 0.3333333333333333
323 0.25925925925925924
324 0.25925925925925924
325 0.2962962962962963
326 0.25925925925925924
327 0.25925925925925924
328 0.18518518518518517
329 0.25925925925925924
330 0.2962962962962963
331 0.25925925925925924
332 0.2222222222222222
333 0.18518518518518517
334 0.14814814814814814
335 0.18518518518518517
336 0.25925925925925924
337 0.25925925925925924
338 0.3333333333333333
339 0.3333333333333333
340 0.37037037037037035
341 0.3333333333333333
342 0.4074074074074074
343 0.37037037037037035
344 0.4074074074074074
345 0.37037037037037035
346 0.25925925925925924
347 0.2222222222222222
348 0.2222222222222222
349 0.2222222222222222
350 0.25925925925925924
351 0.2222222222222222
352 0.1111111111111111
353 0.07407407407407407
354 0.1111111111111111
355 0.18518518518518517
356 0.18518518518518517
357 0.25925925925925924
358 0.2962962962962963
359 0.3333333333333333
360 0.2962962962962963
361 0.25925925925925924
362 0.14814814814814814
363 0.2222222222222222
364 0.25925925925925924
365 0.25925925925925924
366 0.3333333333333333
367 0.37037037037037035
368 0.37037037037037035
369 0.3333333333333333
370 0.3333333333333333
371 0.3333333333333333
372 0.3333333333333333
373 0.25925925925925924
374 0.18518518518518517
375 0.18518518518518517
376 0.18518518518518517
377 0.25925925925925924
378 0.18518518518518517
379 0.14814814814814814
380 0.18518518518518517
381 0.18518518518518517
382 0.14814814814814814
383 0.25925925925925924
384 0.2962962962962963
385 0.37037037037037035
386 0.37037037037037035
387 0.37037037037037035
388 0.37037037037037035
389 0.3333333333333333
390 0.2962962962962963
391 0.37037037037037035
392 0.37037037037037035
393 0.5185185185185185
394 0.4074074074074074
395 0.4074074074074074
396 0.4444444444444444
397 0.37037037037037035
398 0.37037037037037035
399 0.37037037037037035
400 0.37037037037037035
401 0.25925925925925924
402 0.14814814814814814
403 0.18518518518518517
404 0.1111111111111111
405 0.1111111111111111
406 0.07407407407407407
407 0.14814814814814814
408 0.14814814814814814
409 0.18518518518518517
410 0.18518518518518517
411 0.2962962962962963
412 0.3333333333333333
413 0.37037037037037035
414 0.4074074074074074
415 0.4444444444444444
416 0.4444444444444444
417 0.4444444444444444
418 0.48148148148148145
419 0.5185185185185185
420 0.5185185185185185
421 0.5555555555555556
422 0.5555555555555556
423 0.48148148148148145
424 0.4074074074074074
425 0.4444444444444444
426 0.4444444444444444
427 0.2962962962962963
428 0.18518518518518517
429 0.14814814814814814
430 0.07407407407407407
431 0.07407407407407407
432 0.07407407407407407
433 0.07407407407407407
434 0.07407407407407407
435 0.037037037037037035
436 0.037037037037037035
437 0.07407407407407407
438 0.07407407407407407
439 0.07407407407407407
440 0.18518518518518517
441 0.2962962962962963
442 0.25925925925925924
443 0.37037037037037035
444 0.4444444444444444
445 0.5925925925925926
446 0.6296296296296297
447 0.7037037037037037
448 0.7037037037037037
449 0.6296296296296297
450 0.5925925925925926
451 0.5925925925925926
452 0.5925925925925926
453 0.5185185185185185
454 0.3333333333333333
455 0.14814814814814814
456 0.1111111111111111
457 0.1111111111111111
458 0.037037037037037035
459 0.07407407407407407
460 0.037037037037037035
461 0.07407407407407407
462 0.07407407407407407
463 0.07407407407407407
464 0.037037037037037035
465 0.037037037037037035
466 0.07407407407407407
467 0.1111111111111111
468 0.1111111111111111
469 0.18518518518518517
470 0.4074074074074074
471 0.4074074074074074
472 0.5185185185185185
473 0.6296296296296297
474 0.6666666666666666
475 0.7777777777777778
476 0.8148148148148148
477 0.8518518518518519
478 0.7777777777777778
479 0.5925925925925926
480 0.5555555555555556
481 0.4074074074074074
482 0.37037037037037035
483 0.2222222222222222
484 0.1111111111111111
485 0.037037037037037035
486 0.037037037037037035
487 0.0
488 0.0
489 0.0
490 0.0
491 0.0
492 0.0
493 0.037037037037037035
494 0.037037037037037035
495 0.037037037037037035
496 0.07407407407407407
497 0.18518518518518517
498 0.2962962962962963
499 0.4074074074074074
500 0.48148148148148145
501 0.48148148148148145
502 0.7037037037037037
503 0.6666666666666666
504 0.7407407407407407
505 0.7037037037037037
506 0.6666666666666666
507 0.6296296296296297
508 0.5185185185185185
509 0.4074074074074074
510 0.3333333333333333
511 0.2222222222222222
512 0.18518518518518517
513 0.1111111111111111
514 0.0
515 0.0
516 0.0
517 0.0
518 0.0
519 0.0
520 0.0
521 0.0
522 0.037037037037037035
523 0.07407407407407407
524 0.07407407407407407
525 0.18518518518518517
526 0.2962962962962963
527 0.37037037037037035
528 0.4444444444444444
529 0.5185185185185185
530 0.6296296296296297
531 0.7777777777777778
532 0.8148148148148148
533 0.7037037037037037
534 0.7037037037037037
535 0.5925925925925926
536 0.48148148148148145
537 0.4074074074074074
538 0.37037037037037035
539 0.3333333333333333
540 0.2962962962962963
541 0.18518518518518517
542 0.14814814814814814
543 0.07407407407407407
544 0.07407407407407407
545 0.07407407407407407
546 0.07407407407407407
547 0.037037037037037035
548 0.037037037037037035
549 0.037037037037037035
550 0.07407407407407407
551 0.14814814814814814
552 0.2222222222222222
553 0.25925925925925924
554 0.3333333333333333
555 0.3333333333333333
556 0.4074074074074074
557 0.5555555555555556
558 0.6296296296296297
559 0.7037037037037037
560 0.7037037037037037
561 0.6296296296296297
562 0.5185185185185185
563 0.37037037037037035
564 0.4074074074074074
565 0.4074074074074074
566 0.37037037037037035
567 0.2962962962962963
568 0.25925925925925924
569 0.25925925925925924
570 0.25925925925925924
571 0.2222222222222222
572 0.14814814814814814
573 0.1111111111111111
574 0.037037037037037035
575 0.07407407407407407
576 0.037037037037037035
577 0.2222222222222222
578 0.25925925925925924
579 0.2222222222222222
580 0.25925925925925924
581 0.25925925925925924
582 0.2962962962962963
583 0.3333333333333333
584 0.48148148148148145
585 0.5925925925925926
586 0.5555555555555556
587 0.48148148148148145
588 0.48148148148148145
589 0.4444444444444444
590 0.37037037037037035
591 0.3333333333333333
592 0.25925925925925924
593 0.18518518518518517
594 0.2222222222222222
595 0.2222222222222222
596 0.2222222222222222
597 0.2222222222222222
598 0.18518518518518517
599 0.2222222222222222
600 0.2222222222222222
601 0.2222222222222222
602 0.25925925925925924
603 0.2962962962962963
604 0.2222222222222222
605 0.2222222222222222
606 0.18518518518518517
607 0.2222222222222222
608 0.2222222222222222
609 0.3333333333333333
610 0.2962962962962963
611 0.2962962962962963
612 0.3333333333333333
613 0.37037037037037035
614 0.2962962962962963
615 0.3333333333333333
616 0.4074074074074074
617 0.37037037037037035
618 0.3333333333333333
619 0.2962962962962963
620 0.2222222222222222
621 0.2222222222222222
622 0.18518518518518517
623 0.18518518518518517
624 0.2222222222222222
625 0.25925925925925924
626 0.2962962962962963
627 0.25925925925925924
628 0.2962962962962963
629 0.2962962962962963
630 0.2962962962962963
631 0.3333333333333333
632 0.4444444444444444
633 0.3333333333333333
634 0.2962962962962963
635 0.25925925925925924
636 0.25925925925925924
637 0.25925925925925924
638 0.2222222222222222
639 0.25925925925925924
640 0.25925925925925924
641 0.2222222222222222
642 0.25925925925925924
643 0.25925925925925924
644 0.37037037037037035
645 0.3333333333333333
646 0.25925925925925924
647 0.2222222222222222
648 0.2222222222222222
649 0.14814814814814814
650 0.14814814814814814
651 0.14814814814814814
652 0.18518518518518517
653 0.2222222222222222
654 0.2222222222222222
655 0.2962962962962963
656 0.25925925925925924
657 0.2962962962962963
658 0.2962962962962963
659 0.3333333333333333
660 0.37037037037037035
661 0.3333333333333333
662 0.37037037037037035
663 0.3333333333333333
664 0.2222222222222222
665 0.2962962962962963
666 0.2962962962962963
667 0.2962962962962963
668 0.3333333333333333
669 0.25925925925925924
670 0.3333333333333333
671 0.3333333333333333
672 0.2222222222222222
673 0.2222222222222222
674 0.2222222222222222
675 0.2222222222222222
676 0.2222222222222222
677 0.25925925925925924
678 0.18518518518518517
679 0.18518518518518517
680 0.14814814814814814
681 0.1111111111111111
682 0.1111111111111111
683 0.18518518518518517
684 0.2222222222222222
685 0.18518518518518517
686 0.18518518518518517
687 0.18518518518518517
688 0.2222222222222222
689 0.2222222222222222
690 0.3333333333333333
691 0.37037037037037035
692 0.2962962962962963
693 0.3333333333333333
694 0.3333333333333333
695 0.2962962962962963
696 0.25925925925925924
697 0.3333333333333333
698 0.37037037037037035
699 0.3333333333333333
700 0.25925925925925924
701 0.2962962962962963
702 0.25925925925925924
703 0.25925925925925924
704 0.18518518518518517
705 0.14814814814814814
706 0.14814814814814814
707 0.1111111111111111
708 0.1111111111111111
709 0.1111111111111111
710 0.14814814814814814
711 0.2222222222222222
712 0.18518518518518517
713 0.18518518518518517
714 0.25925925925925924
715 0.25925925925925924
716 0.2222222222222222
717 0.2222222222222222
718 0.2222222222222222
719 0.3333333333333333
720 0.4074074074074074
721 0.3333333333333333
722 0.4444444444444444
723 0.48148148148148145
724 0.48148148148148145
725 0.4444444444444444
726 0.4074074074074074
727 0.3333333333333333
728 0.2962962962962963
729 0.18518518518518517
730 0.2222222222222222
731 0.18518518518518517
732 0.18518518518518517
733 0.18518518518518517
734 0.18518518518518517
735 0.18518518518518517
736 0.25925925925925924
737 0.25925925925925924
738 0.18518518518518517
739 0.18518518518518517
740 0.18518518518518517
