250 0.45
251 0.45
252 0.35
253 0.3
254 0.25
255 0.25
256 0.3
257 0.5
258 0.6
259 0.6
260 0.5
261 0.5
262 0.55
263 0.45
264 0.5
265 0.5
266 0.35
267 0.35
268 0.35
269 0.25
270 0.3
271 0.3
272 0.3
273 0.45
274 0.5
275 0.5
276 0.5
277 0.5
278 0.55
279 0.55
280 0.55
281 0.5
282 0.5
283 0.55
284 0.45
285 0.45
286 0.35
287 0.3
288 0.3
289 0.35
290 0.25
291 0.4
292 0.4
293 0.4
294 0.35
295 0.25
296 0.1
297 0.35
298 0.5
299 0.45
300 0.45
301 0.55
302 0.55
303 0.6
304 0.6
305 0.5
306 0.55
307 0.65
308 0.7
309 0.6
310 0.45
311 0.3
312 0.25
313 0.25
314 0.2
315 0.1
316 0.1
317 0.2
318 0.25
319 0.25
320 0.25
321 0.3
322 0.6
323 0.65
324 0.65
325 0.8
326 0.65
327 0.75
328 0.75
329 0.55
330 0.55
331 0.5
332 0.35
333 0.35
334 0.2
335 0.15
336 0.25
337 0.25
338 0.25
339 0.25
340 0.3
341 0.35
342 0.5
343 0.55
344 0.4
345 0.3
346 0.35
347 0.4
348 0.55
349 0.5
350 0.5
351 0.5
352 0.45
353 0.45
354 0.45
355 0.6
356 0.6
357 0.7
358 0.7
359 0.55
360 0.5
361 0.4
362 0.25
363 0.2
364 0.15
365 0.15
366 0.15
367 0.25
368 0.25
369 0.3
370 0.3
371 0.3
372 0.4
373 0.5
374 0.7
375 0.85
376 0.8
377 0.75
378 0.7
379 0.6
380 0.55
381 0.5
382 0.35
383 0.25
384 0.2
385 0.15
386 0.15
387 0.15
388 0.15
389 0.2
390 0.3
391 0.45
392 0.5
393 0.6
394 0.6
395 0.5
396 0.45
397 0.55
398 0.55
399 0.55
400 0.5
401 0.4
402 0.3
403 0.3
404 0.25
405 0.4
406 0.35
407 0.45
408 0.5
409 0.45
410 0.4
411 0.5
412 0.55
413 0.55
414 0.45
415 0.35
416 0.4
417 0.45
418 0.45
419 0.4
420 0.25
421 0.15
422 0.25
423 0.4
424 0.45
425 0.5
426 0.6
427 0.55
428 0.55
429 0.55
430 0.4
431 0.55
432 0.6
433 0.65
434 0.5
435 0.45
436 0.35
437 0.4
438 0.45
439 0.45
440 0.4
441 0.25
442 0.3
443 0.35
444 0.3
445 0.25
446 0.15
447 0.3
448 0.3
449 0.35
450 0.4
451 0.6
452 0.7
453 0.7
454 0.7
455 0.65
456 0.75
457 0.7
458 0.85
459 0.65
460 0.4
461 0.35
462 0.2
463 0.2
464 0.1
465 0.0
466 0.0
467 0.0
468 0.15
469 0.2
470 0.25
471 0.35
472 0.55
473 0.75
474 0.85
475 1.0
476 1.0
477 0.95
478 0.8
479 0.7
480 0.6
481 0.4
482 0.4
483 0.25
484 0.1
485 0.05
486 0.0
487 0.0
488 0.0
489 0.15
490 0.35
491 0.45
492 0.55
493 0.65
494 0.65
495 0.75
496 0.65
497 0.6
498 0.6
499 0.5
500 0.45
501 0.45
502 0.4
503 0.35
504 0.25
505 0.25
506 0.25
507 0.3
508 0.5
509 0.5
510 0.6
511 0.5
512 0.45
513 0.5
514 0.5
515 0.45
516 0.45
517 0.35
518 0.35
519 0.35
520 0.25
521 0.25
522 0.3
523 0.4
524 0.5
525 0.5
526 0.45
527 0.45
528 0.55
529 0.55
530 0.45
531 0.55
532 0.55
533 0.55
534 0.55
535 0.45
536 0.5
537 0.35
538 0.3
539 0.35
540 0.4
541 0.35
542 0.45
543 0.45
544 0.35
545 0.25
546 0.2
547 0.15
548 0.4
549 0.45
550 0.45
551 0.5
552 0.55
553 0.55
554 0.65
555 0.6
556 0.5
557 0.6
558 0.65
559 0.65
560 0.55
561 0.4
562 0.3
563 0.3
564 0.25
565 0.15
566 0.05
567 0.15
568 0.2
569 0.25
570 0.25
571 0.25
572 0.35
573 0.6
574 0.7
575 0.65
576 0.7
577 0.7
578 0.75
579 0.75
580 0.6
581 0.6
582 0.45
583 0.4
584 0.3
585 0.2
586 0.15
587 0.2
588 0.25
589 0.25
590 0.3
591 0.35
592 0.45
593 0.55
594 0.5
595 0.35
596 0.3
597 0.35
598 0.5
599 0.55
600 0.5
601 0.5
602 0.5
603 0.4
604 0.5
605 0.55
606 0.55
607 0.6
608 0.65
609 0.6
610 0.5
611 0.45
612 0.4
613 0.25
614 0.3
615 0.25
616 0.15
617 0.2
618 0.25
619 0.25
620 0.3
621 0.3
622 0.3
623 0.5
624 0.6
625 0.7
626 0.8
627 0.75
628 0.75
629 0.65
630 0.5
631 0.5
632 0.5
633 0.35
634 0.25
635 0.2
636 0.15
637 0.15
638 0.2
639 0.2
640 0.3
641 0.4
642 0.45
643 0.55
644 0.6
645 0.5
646 0.5
647 0.5
648 0.55
649 0.55
650 0.55
651 0.45
652 0.4
653 0.3
654 0.3
655 0.3
656 0.35
657 0.4
658 0.45
659 0.45
660 0.45
661 0.4
662 0.5
663 0.55
664 0.5
665 0.55
666 0.45
667 0.4
668 0.4
669 0.4
670 0.4
671 0.25
672 0.15
673 0.35
674 0.4
675 0.45
676 0.5
677 0.55
678 0.5
679 0.5
680 0.35
681 0.4
682 0.5
683 0.6
684 0.6
685 0.5
686 0.45
687 0.4
688 0.45
689 0.45
690 0.45
691 0.3
692 0.3
693 0.3
694 0.3
695 0.25
696 0.2
697 0.2
698 0.3
699 0.35
700 0.35
701 0.5
702 0.6
703 0.65
704 0.7
705 0.7
706 0.7
707 0.75
708 0.75
709 0.7
710 0.5
711 0.35
712 0.3
713 0.25
714 0.2
715 0.1
716 0.1
717 0.05
718 0.05
719 0.15
720 0.2
721 0.35
722 0.45
723 0.6
724 0.8
725 0.9
726 0.95
727 0.95
728 0.9
729 0.75
730 0.55
731 0.5
732 0.45
733 0.3
734 0.2
735 0.05
736 0.05
737 0.05
738 0.05
739 0.1
740 0.15
