250 0.6
251 0.6
252 0.8
253 0.8
254 0.8
255 0.8
256 0.6666666666666666
257 0.5333333333333333
258 0.4666666666666667
259 0.4666666666666667
260 0.2
261 0.2
262 0.06666666666666667
263 0.0
264 0.0
265 0.0
266 0.2
267 0.2
268 0.3333333333333333
269 0.6
270 0.6666666666666666
271 0.7333333333333333
272 0.8
273 0.8666666666666667
274 0.8666666666666667
275 0.7333333333333333
276 0.6666666666666666
277 0.4666666666666667
278 0.4666666666666667
279 0.3333333333333333
280 0.3333333333333333
281 0.3333333333333333
282 0.26666666666666666
283 0.26666666666666666
284 0.2
285 0.13333333333333333
286 0.2
287 0.4
288 0.5333333333333333
289 0.6
290 0.6
291 0.6
292 0.6
293 0.6
294 0.4666666666666667
295 0.26666666666666666
296 0.13333333333333333
297 0.2
298 0.2
299 0.2
300 0.26666666666666666
301 0.3333333333333333
302 0.4666666666666667
303 0.5333333333333333
304 0.6
305 0.6666666666666666
306 0.6666666666666666
307 0.8
308 0.8
309 0.6666666666666666
310 0.5333333333333333
311 0.4666666666666667
312 0.3333333333333333
313 0.3333333333333333
314 0.3333333333333333
315 0.26666666666666666
316 0.13333333333333333
317 0.06666666666666667
318 0.13333333333333333
319 0.2
320 0.2
321 0.3333333333333333
322 0.4
323 0.4666666666666667
324 0.5333333333333333
325 0.6
326 0.4666666666666667
327 0.4666666666666667
328 0.6
329 0.4666666666666667
330 0.5333333333333333
331 0.6666666666666666
332 0.6
333 0.6
334 0.5333333333333333
335 0.6666666666666666
336 0.5333333333333333
337 0.4
338 0.4666666666666667
339 0.4
340 0.4
341 0.3333333333333333
342 0.3333333333333333
343 0.26666666666666666
344 0.2
345 0.06666666666666667
346 0.06666666666666667
347 0.13333333333333333
348 0.13333333333333333
349 0.4
350 0.4666666666666667
351 0.5333333333333333
352 0.8
353 0.8666666666666667
354 0.9333333333333333
355 1.0
356 1.0
357 0.8
358 0.7333333333333333
359 0.6
360 0.3333333333333333
361 0.26666666666666666
362 0.13333333333333333
363 0.0
364 0.0
365 0.0
366 0.0
367 0.0
368 0.0
369 0.2
370 0.26666666666666666
371 0.5333333333333333
372 0.7333333333333333
373 0.7333333333333333
374 0.9333333333333333
375 0.9333333333333333
376 0.9333333333333333
377 0.8666666666666667
378 0.6666666666666666
379 0.6
380 0.4666666666666667
381 0.4
382 0.3333333333333333
383 0.26666666666666666
384 0.2
385 0.06666666666666667
386 0.26666666666666666
387 0.3333333333333333
388 0.26666666666666666
389 0.3333333333333333
390 0.4
391 0.4666666666666667
392 0.4666666666666667
393 0.4
394 0.4
395 0.3333333333333333
396 0.3333333333333333
397 0.4
398 0.5333333333333333
399 0.4666666666666667
400 0.4
401 0.3333333333333333
402 0.5333333333333333
403 0.6
404 0.6666666666666666
405 0.6666666666666666
406 0.6666666666666666
407 0.6666666666666666
408 0.5333333333333333
409 0.4
410 0.2
411 0.26666666666666666
412 0.26666666666666666
413 0.2
414 0.2
415 0.2
416 0.26666666666666666
417 0.26666666666666666
418 0.4
419 0.5333333333333333
420 0.4
421 0.4666666666666667
422 0.5333333333333333
423 0.6
424 0.5333333333333333
425 0.6
426 0.4666666666666667
427 0.4666666666666667
428 0.4666666666666667
429 0.3333333333333333
430 0.3333333333333333
431 0.3333333333333333
432 0.3333333333333333
433 0.4
434 0.4
435 0.4
436 0.4666666666666667
437 0.6
438 0.6666666666666666
439 0.6
440 0.6
441 0.5333333333333333
442 0.5333333333333333
443 0.4
444 0.2
445 0.06666666666666667
446 0.06666666666666667
447 0.06666666666666667
448 0.2
449 0.26666666666666666
450 0.26666666666666666
451 0.3333333333333333
452 0.3333333333333333
453 0.6666666666666666
454 0.6666666666666666
455 0.9333333333333333
456 0.9333333333333333
457 0.9333333333333333
458 0.9333333333333333
459 0.8
460 0.5333333333333333
461 0.4
462 0.3333333333333333
463 0.26666666666666666
464 0.13333333333333333
465 0.0
466 0.0
467 0.0
468 0.06666666666666667
469 0.13333333333333333
470 0.2
471 0.26666666666666666
472 0.4
473 0.5333333333333333
474 0.7333333333333333
475 0.7333333333333333
476 0.6
477 0.6666666666666666
478 0.7333333333333333
479 0.6666666666666666
480 0.6666666666666666
481 0.6666666666666666
482 0.6666666666666666
483 0.4666666666666667
484 0.4
485 0.4666666666666667
486 0.3333333333333333
487 0.3333333333333333
488 0.3333333333333333
489 0.3333333333333333
490 0.3333333333333333
491 0.3333333333333333
492 0.3333333333333333
493 0.2
494 0.2
495 0.2
496 0.13333333333333333
497 0.26666666666666666
498 0.3333333333333333
499 0.6
500 0.6
501 0.6
502 0.7333333333333333
503 0.8666666666666667
504 0.8
505 0.8666666666666667
506 0.8666666666666667
507 0.6666666666666666
508 0.6
509 0.4666666666666667
510 0.26666666666666666
511 0.2
512 0.13333333333333333
513 0.06666666666666667
514 0.0
515 0.0
516 0.13333333333333333
517 0.13333333333333333
518 0.2
519 0.4
520 0.4666666666666667
521 0.6
522 0.6666666666666666
523 0.7333333333333333
524 0.8
525 0.8
526 0.7333333333333333
527 0.5333333333333333
528 0.4
529 0.4
530 0.3333333333333333
531 0.3333333333333333
532 0.3333333333333333
533 0.26666666666666666
534 0.26666666666666666
535 0.2
536 0.3333333333333333
537 0.3333333333333333
538 0.5333333333333333
539 0.5333333333333333
540 0.6
541 0.6
542 0.6
543 0.6
544 0.4
545 0.3333333333333333
546 0.2
547 0.13333333333333333
548 0.13333333333333333
549 0.13333333333333333
550 0.26666666666666666
551 0.26666666666666666
552 0.3333333333333333
553 0.5333333333333333
554 0.6
555 0.6666666666666666
556 0.6666666666666666
557 0.7333333333333333
558 0.7333333333333333
559 0.6666666666666666
560 0.5333333333333333
561 0.5333333333333333
562 0.4
563 0.3333333333333333
564 0.3333333333333333
565 0.2
566 0.26666666666666666
567 0.2
568 0.13333333333333333
569 0.2
570 0.2
571 0.26666666666666666
572 0.3333333333333333
573 0.4
574 0.5333333333333333
575 0.6
576 0.5333333333333333
577 0.4
578 0.5333333333333333
579 0.5333333333333333
580 0.5333333333333333
581 0.6
582 0.6666666666666666
583 0.6
584 0.6
585 0.4666666666666667
586 0.6
587 0.4666666666666667
588 0.4666666666666667
589 0.4
590 0.3333333333333333
591 0.3333333333333333
592 0.3333333333333333
593 0.3333333333333333
594 0.2
595 0.06666666666666667
596 0.06666666666666667
597 0.0
598 0.13333333333333333
599 0.26666666666666666
600 0.4
601 0.4666666666666667
602 0.6666666666666666
603 0.8666666666666667
604 0.9333333333333333
605 1.0
606 1.0
607 0.9333333333333333
608 0.8
609 0.6
610 0.4666666666666667
611 0.3333333333333333
612 0.13333333333333333
613 0.06666666666666667
614 0.06666666666666667
615 0.0
616 0.0
617 0.0
618 0.06666666666666667
619 0.2
620 0.3333333333333333
621 0.3333333333333333
622 0.6
623 0.6
624 0.8
625 0.9333333333333333
626 0.9333333333333333
627 0.7333333333333333
628 0.7333333333333333
629 0.6666666666666666
630 0.4666666666666667
631 0.4666666666666667
632 0.3333333333333333
633 0.3333333333333333
634 0.26666666666666666
635 0.13333333333333333
636 0.3333333333333333
637 0.26666666666666666
638 0.26666666666666666
639 0.3333333333333333
640 0.3333333333333333
641 0.4
642 0.4666666666666667
643 0.6
644 0.3333333333333333
645 0.3333333333333333
646 0.3333333333333333
647 0.3333333333333333
648 0.4
649 0.4
650 0.4666666666666667
651 0.4666666666666667
652 0.4
653 0.4666666666666667
654 0.6
655 0.6666666666666666
656 0.6666666666666666
657 0.6666666666666666
658 0.6
659 0.5333333333333333
660 0.26666666666666666
661 0.13333333333333333
662 0.2
663 0.2
664 0.2
665 0.26666666666666666
666 0.26666666666666666
667 0.26666666666666666
668 0.3333333333333333
669 0.4
670 0.5333333333333333
671 0.5333333333333333
672 0.5333333333333333
673 0.4666666666666667
674 0.6
675 0.4666666666666667
676 0.4666666666666667
677 0.4666666666666667
678 0.4666666666666667
679 0.4666666666666667
680 0.3333333333333333
681 0.3333333333333333
682 0.4
683 0.4
684 0.4
685 0.4
686 0.4
687 0.5333333333333333
688 0.5333333333333333
689 0.6666666666666666
690 0.6
691 0.6666666666666666
692 0.6
693 0.5333333333333333
694 0.3333333333333333
695 0.2
696 0.13333333333333333
697 0.06666666666666667
698 0.06666666666666667
699 0.13333333333333333
700 0.26666666666666666
701 0.26666666666666666
702 0.26666666666666666
703 0.4666666666666667
704 0.6666666666666666
705 0.7333333333333333
706 0.8
707 0.9333333333333333
708 1.0
709 0.8666666666666667
710 0.6666666666666666
711 0.5333333333333333
712 0.3333333333333333
713 0.26666666666666666
714 0.2
715 0.06666666666666667
716 0.0
717 0.0
718 0.06666666666666667
719 0.13333333333333333
720 0.26666666666666666
721 0.26666666666666666
722 0.3333333333333333
723 0.5333333333333333
724 0.5333333333333333
725 0.6666666666666666
726 0.6
727 0.5333333333333333
728 0.7333333333333333
729 0.6666666666666666
730 0.6666666666666666
731 0.6
732 0.6
733 0.5333333333333333
734 0.5333333333333333
735 0.4
736 0.4
737 0.4
738 0.3333333333333333
739 0.4666666666666667
740 0.4
