250 0.3333333333333333
251 0.5
252 0.5555555555555556
253 0.3333333333333333
254 0.1111111111111111
255 0.2777777777777778
256 0.2777777777777778
257 0.4444444444444444
258 0.3888888888888889
259 0.2777777777777778
260 0.2777777777777778
261 0.3888888888888889
262 0.5555555555555556
263 0.2777777777777778
264 0.16666666666666666
265 0.2777777777777778
266 0.2777777777777778
267 0.4444444444444444
268 0.3333333333333333
269 0.3333333333333333
270 0.3333333333333333
271 0.4444444444444444
272 0.5
273 0.4444444444444444
274 0.16666666666666666
275 0.3333333333333333
276 0.4444444444444444
277 0.5555555555555556
278 0.3888888888888889
279 0.2222222222222222
280 0.2222222222222222
281 0.3333333333333333
282 0.5
283 0.2777777777777778
284 0.2222222222222222
285 0.2777777777777778
286 0.4444444444444444
287 0.5
288 0.2777777777777778
289 0.2222222222222222
290 0.3333333333333333
291 0.3333333333333333
292 0.4444444444444444
293 0.16666666666666666
294 0.3333333333333333
295 0.3333333333333333
296 0.3333333333333333
297 0.5555555555555556
298 0.3888888888888889
299 0.2222222222222222
300 0.2222222222222222
301 0.4444444444444444
302 0.5
303 0.3888888888888889
304 0.2222222222222222
305 0.2222222222222222
306 0.4444444444444444
307 0.5555555555555556
308 0.4444444444444444
309 0.2222222222222222
310 0.3888888888888889
311 0.4444444444444444
312 0.4444444444444444
313 0.3333333333333333
314 0.16666666666666666
315 0.2777777777777778
316 0.3333333333333333
317 0.3333333333333333
318 0.2222222222222222
319 0.16666666666666666
320 0.16666666666666666
321 0.2222222222222222
322 0.5555555555555556
323 0.5
324 0.3888888888888889
325 0.3888888888888889
326 0.6111111111111112
327 0.6111111111111112
328 0.3333333333333333
329 0.2777777777777778
330 0.2777777777777778
331 0.4444444444444444
332 0.5555555555555556
333 0.3333333333333333
334 0.2222222222222222
335 0.3333333333333333
336 0.3333333333333333
337 0.3888888888888889
338 0.3333333333333333
339 0.16666666666666666
340 0.16666666666666666
341 0.16666666666666666
342 0.2777777777777778
343 0.3333333333333333
344 0.2777777777777778
345 0.2777777777777778
346 0.3333333333333333
347 0.5
348 0.5
349 0.2777777777777778
350 0.4444444444444444
351 0.5555555555555556
352 0.7222222222222222
353 0.2777777777777778
354 0.2777777777777778
355 0.2777777777777778
356 0.3888888888888889
357 0.5555555555555556
358 0.3333333333333333
359 0.2777777777777778
360 0.2222222222222222
361 0.2777777777777778
362 0.3888888888888889
363 0.2777777777777778
364 0.2222222222222222
365 0.16666666666666666
366 0.2222222222222222
367 0.3333333333333333
368 0.2777777777777778
369 0.2222222222222222
370 0.3888888888888889
371 0.3888888888888889
372 0.5555555555555556
373 0.6111111111111112
374 0.3333333333333333
375 0.4444444444444444
376 0.5
377 0.6111111111111112
378 0.4444444444444444
379 0.2777777777777778
380 0.2222222222222222
381 0.3333333333333333
382 0.3888888888888889
383 0.2777777777777778
384 0.2222222222222222
385 0.2222222222222222
386 0.3333333333333333
387 0.5555555555555556
388 0.2777777777777778
389 0.16666666666666666
390 0.3888888888888889
391 0.3333333333333333
392 0.3888888888888889
393 0.3888888888888889
394 0.3888888888888889
395 0.3333333333333333
396 0.4444444444444444
397 0.5
398 0.5
399 0.2222222222222222
400 0.3888888888888889
401 0.4444444444444444
402 0.4444444444444444
403 0.3888888888888889
404 0.2222222222222222
405 0.1111111111111111
406 0.2777777777777778
407 0.6111111111111112
408 0.3333333333333333
409 0.2777777777777778
410 0.2777777777777778
411 0.3888888888888889
412 0.5555555555555556
413 0.3333333333333333
414 0.16666666666666666
415 0.2777777777777778
416 0.3333333333333333
417 0.3333333333333333
418 0.2222222222222222
419 0.2222222222222222
420 0.3333333333333333
421 0.2222222222222222
422 0.5
423 0.4444444444444444
424 0.3333333333333333
425 0.3333333333333333
426 0.4444444444444444
427 0.5555555555555556
428 0.3888888888888889
429 0.2222222222222222
430 0.16666666666666666
431 0.3333333333333333
432 0.5
433 0.3888888888888889
434 0.2222222222222222
435 0.3333333333333333
436 0.4444444444444444
437 0.4444444444444444
438 0.2777777777777778
439 0.2222222222222222
440 0.2777777777777778
441 0.2222222222222222
442 0.3333333333333333
443 0.3888888888888889
444 0.2222222222222222
445 0.2222222222222222
446 0.2222222222222222
447 0.5
448 0.3888888888888889
449 0.2222222222222222
450 0.3888888888888889
451 0.5
452 0.5555555555555556
453 0.3333333333333333
454 0.2777777777777778
455 0.2222222222222222
456 0.4444444444444444
457 0.6111111111111112
458 0.3888888888888889
459 0.2777777777777778
460 0.16666666666666666
461 0.3888888888888889
462 0.5555555555555556
463 0.2777777777777778
464 0.2777777777777778
465 0.2222222222222222
466 0.16666666666666666
467 0.3888888888888889
468 0.2777777777777778
469 0.16666666666666666
470 0.3333333333333333
471 0.3333333333333333
472 0.5555555555555556
473 0.5
474 0.2777777777777778
475 0.5
476 0.6111111111111112
477 0.6666666666666666
478 0.3888888888888889
479 0.3333333333333333
480 0.2222222222222222
481 0.2777777777777778
482 0.5555555555555556
483 0.2222222222222222
484 0.2222222222222222
485 0.16666666666666666
486 0.2777777777777778
487 0.3888888888888889
488 0.2777777777777778
489 0.16666666666666666
490 0.2777777777777778
491 0.2777777777777778
492 0.4444444444444444
493 0.3333333333333333
494 0.2777777777777778
495 0.3333333333333333
496 0.3888888888888889
497 0.5555555555555556
498 0.5
499 0.2777777777777778
500 0.3333333333333333
501 0.5
502 0.5555555555555556
503 0.3333333333333333
504 0.2222222222222222
505 0.2222222222222222
506 0.2222222222222222
507 0.5555555555555556
508 0.3333333333333333
509 0.2222222222222222
510 0.2777777777777778
511 0.2777777777777778
512 0.6111111111111112
513 0.2777777777777778
514 0.2777777777777778
515 0.3333333333333333
516 0.3333333333333333
517 0.5
518 0.2222222222222222
519 0.2777777777777778
520 0.2777777777777778
521 0.3888888888888889
522 0.5555555555555556
523 0.3888888888888889
524 0.2222222222222222
525 0.2777777777777778
526 0.3888888888888889
527 0.4444444444444444
528 0.3333333333333333
529 0.2777777777777778
530 0.2777777777777778
531 0.2777777777777778
532 0.5
533 0.3333333333333333
534 0.2777777777777778
535 0.2222222222222222
536 0.3888888888888889
537 0.5
538 0.3333333333333333
539 0.2222222222222222
540 0.4444444444444444
541 0.2777777777777778
542 0.5555555555555556
543 0.2777777777777778
544 0.2777777777777778
545 0.2777777777777778
546 0.2777777777777778
547 0.3888888888888889
548 0.4444444444444444
549 0.2222222222222222
550 0.2222222222222222
551 0.2777777777777778
552 0.6111111111111112
553 0.3888888888888889
554 0.2222222222222222
555 0.2222222222222222
556 0.3888888888888889
557 0.6111111111111112
558 0.4444444444444444
559 0.2777777777777778
560 0.2777777777777778
561 0.4444444444444444
562 0.6111111111111112
563 0.2777777777777778
564 0.2222222222222222
565 0.2222222222222222
566 0.2777777777777778
567 0.4444444444444444
568 0.2222222222222222
569 0.16666666666666666
570 0.3333333333333333
571 0.2222222222222222
572 0.3888888888888889
573 0.4444444444444444
574 0.2222222222222222
575 0.3333333333333333
576 0.3888888888888889
577 0.6111111111111112
578 0.3888888888888889
579 0.2777777777777778
580 0.2777777777777778
581 0.3888888888888889
582 0.6666666666666666
583 0.2222222222222222
584 0.2777777777777778
585 0.16666666666666666
586 0.2777777777777778
587 0.3888888888888889
588 0.3333333333333333
589 0.2222222222222222
590 0.16666666666666666
591 0.2222222222222222
592 0.3888888888888889
593 0.2777777777777778
594 0.2222222222222222
595 0.2777777777777778
596 0.3333333333333333
597 0.5
598 0.3888888888888889
599 0.2777777777777778
600 0.4444444444444444
601 0.4444444444444444
602 0.5555555555555556
603 0.2777777777777778
604 0.2222222222222222
605 0.3333333333333333
606 0.2777777777777778
607 0.5
608 0.2777777777777778
609 0.2222222222222222
610 0.16666666666666666
611 0.2777777777777778
612 0.5
613 0.2777777777777778
614 0.16666666666666666
615 0.16666666666666666
616 0.2222222222222222
617 0.5
618 0.2777777777777778
619 0.2777777777777778
620 0.16666666666666666
621 0.3888888888888889
622 0.6111111111111112
623 0.3333333333333333
624 0.2222222222222222
625 0.3888888888888889
626 0.4444444444444444
627 0.6111111111111112
628 0.2777777777777778
629 0.2777777777777778
630 0.2222222222222222
631 0.2777777777777778
632 0.5555555555555556
633 0.16666666666666666
634 0.2222222222222222
635 0.16666666666666666
636 0.3333333333333333
637 0.5555555555555556
638 0.2222222222222222
639 0.2777777777777778
640 0.2777777777777778
641 0.3888888888888889
642 0.5555555555555556
643 0.3333333333333333
644 0.2777777777777778
645 0.2777777777777778
646 0.3888888888888889
647 0.5555555555555556
648 0.3333333333333333
649 0.2777777777777778
650 0.16666666666666666
651 0.2222222222222222
652 0.3888888888888889
653 0.2777777777777778
654 0.2777777777777778
655 0.16666666666666666
656 0.2222222222222222
657 0.5555555555555556
658 0.3888888888888889
659 0.2222222222222222
660 0.2777777777777778
661 0.3888888888888889
662 0.6111111111111112
663 0.3333333333333333
664 0.2222222222222222
665 0.4444444444444444
666 0.3888888888888889
667 0.5555555555555556
668 0.2222222222222222
669 0.2222222222222222
670 0.16666666666666666
671 0.3333333333333333
672 0.5
673 0.3888888888888889
674 0.3333333333333333
675 0.2222222222222222
676 0.3333333333333333
677 0.6111111111111112
678 0.2777777777777778
679 0.2777777777777778
680 0.2222222222222222
681 0.3888888888888889
682 0.6111111111111112
683 0.3333333333333333
684 0.2777777777777778
685 0.2222222222222222
686 0.4444444444444444
687 0.5555555555555556
688 0.2777777777777778
689 0.2222222222222222
690 0.2222222222222222
691 0.3333333333333333
692 0.4444444444444444
693 0.2222222222222222
694 0.2222222222222222
695 0.2777777777777778
696 0.2222222222222222
697 0.5555555555555556
698 0.3888888888888889
699 0.2777777777777778
700 0.2777777777777778
701 0.4444444444444444
702 0.5555555555555556
703 0.3333333333333333
704 0.3333333333333333
705 0.3333333333333333
706 0.3888888888888889
707 0.6666666666666666
708 0.3333333333333333
709 0.2777777777777778
710 0.2777777777777778
711 0.2777777777777778
712 0.5555555555555556
713 0.2777777777777778
714 0.16666666666666666
715 0.16666666666666666
716 0.2777777777777778
717 0.4444444444444444
718 0.16666666666666666
719 0.2222222222222222
720 0.16666666666666666
721 0.2222222222222222
722 0.4444444444444444
723 0.3888888888888889
724 0.2777777777777778
725 0.3333333333333333
726 0.5555555555555556
727 0.6111111111111112
728 0.2777777777777778
729 0.2222222222222222
730 0.2777777777777778
731 0.2222222222222222
732 0.6111111111111112
733 0.2222222222222222
734 0.2222222222222222
735 0.2222222222222222
736 0.2777777777777778
737 0.5555555555555556
738 0.2777777777777778
739 0.2222222222222222
740 0.2222222222222222
