250 0.5333333333333333
251 0.4
252 0.3333333333333333
253 0.26666666666666666
254 0.13333333333333333
255 0.2
256 0.2
257 0.2
258 0.3333333333333333
259 0.4
260 0.4666666666666667
261 0.4
262 0.3333333333333333
263 0.4666666666666667
264 0.4666666666666667
265 0.3333333333333333
266 0.26666666666666666
267 0.26666666666666666
268 0.26666666666666666
269 0.2
270 0.2
271 0.4
272 0.5333333333333333
273 0.5333333333333333
274 0.5333333333333333
275 0.6
276 0.6666666666666666
277 0.5333333333333333
278 0.3333333333333333
279 0.26666666666666666
280 0.26666666666666666
281 0.3333333333333333
282 0.2
283 0.13333333333333333
284 0.13333333333333333
285 0.2
286 0.3333333333333333
287 0.4
288 0.4
289 0.4
290 0.3333333333333333
291 0.4666666666666667
292 0.4666666666666667
293 0.4
294 0.4
295 0.4
296 0.26666666666666666
297 0.3333333333333333
298 0.26666666666666666
299 0.26666666666666666
300 0.3333333333333333
301 0.3333333333333333
302 0.4
303 0.4666666666666667
304 0.4
305 0.4
306 0.5333333333333333
307 0.6
308 0.6
309 0.6
310 0.4666666666666667
311 0.2
312 0.2
313 0.2
314 0.2
315 0.13333333333333333
316 0.06666666666666667
317 0.0
318 0.0
319 0.06666666666666667
320 0.3333333333333333
321 0.4666666666666667
322 0.5333333333333333
323 0.7333333333333333
324 0.6
325 0.8
326 0.8
327 0.8
328 0.8
329 0.4666666666666667
330 0.4
331 0.3333333333333333
332 0.2
333 0.13333333333333333
334 0.06666666666666667
335 0.06666666666666667
336 0.13333333333333333
337 0.13333333333333333
338 0.13333333333333333
339 0.26666666666666666
340 0.26666666666666666
341 0.4
342 0.4
343 0.4
344 0.5333333333333333
345 0.6
346 0.5333333333333333
347 0.4666666666666667
348 0.6666666666666666
349 0.6666666666666666
350 0.6
351 0.5333333333333333
352 0.4666666666666667
353 0.4
354 0.3333333333333333
355 0.26666666666666666
356 0.3333333333333333
357 0.4
358 0.3333333333333333
359 0.3333333333333333
360 0.26666666666666666
361 0.13333333333333333
362 0.13333333333333333
363 0.2
364 0.26666666666666666
365 0.13333333333333333
366 0.13333333333333333
367 0.2
368 0.26666666666666666
369 0.3333333333333333
370 0.5333333333333333
371 0.6666666666666666
372 0.6
373 0.7333333333333333
374 0.6666666666666666
375 0.7333333333333333
376 0.7333333333333333
377 0.6
378 0.4
379 0.26666666666666666
380 0.2
381 0.13333333333333333
382 0.0
383 0.0
384 0.06666666666666667
385 0.13333333333333333
386 0.06666666666666667
387 0.26666666666666666
388 0.26666666666666666
389 0.4
390 0.4666666666666667
391 0.5333333333333333
392 0.5333333333333333
393 0.6666666666666666
394 0.4
395 0.4
396 0.26666666666666666
397 0.4
398 0.3333333333333333
399 0.3333333333333333
400 0.3333333333333333
401 0.3333333333333333
402 0.4
403 0.4666666666666667
404 0.4
405 0.3333333333333333
406 0.3333333333333333
407 0.4
408 0.4666666666666667
409 0.5333333333333333
410 0.4666666666666667
411 0.4
412 0.4
413 0.4
414 0.4
415 0.3333333333333333
416 0.2
417 0.13333333333333333
418 0.13333333333333333
419 0.13333333333333333
420 0.13333333333333333
421 0.3333333333333333
422 0.4
423 0.4666666666666667
424 0.5333333333333333
425 0.6666666666666666
426 0.7333333333333333
427 0.7333333333333333
428 0.5333333333333333
429 0.3333333333333333
430 0.4
431 0.4
432 0.4
433 0.4
434 0.3333333333333333
435 0.2
436 0.26666666666666666
437 0.26666666666666666
438 0.3333333333333333
439 0.26666666666666666
440 0.4
441 0.3333333333333333
442 0.26666666666666666
443 0.2
444 0.2
445 0.26666666666666666
446 0.3333333333333333
447 0.4666666666666667
448 0.4
449 0.4
450 0.4
451 0.5333333333333333
452 0.7333333333333333
453 0.6666666666666666
454 0.6
455 0.6
456 0.5333333333333333
457 0.5333333333333333
458 0.6
459 0.4666666666666667
460 0.4666666666666667
461 0.26666666666666666
462 0.06666666666666667
463 0.13333333333333333
464 0.13333333333333333
465 0.0
466 0.0
467 0.13333333333333333
468 0.2
469 0.13333333333333333
470 0.3333333333333333
471 0.4
472 0.6
473 0.8
474 0.8666666666666667
475 0.8666666666666667
476 0.9333333333333333
477 0.7333333333333333
478 0.4666666666666667
479 0.3333333333333333
480 0.4666666666666667
481 0.4
482 0.13333333333333333
483 0.06666666666666667
484 0.06666666666666667
485 0.0
486 0.06666666666666667
487 0.06666666666666667
488 0.2
489 0.3333333333333333
490 0.4
491 0.5333333333333333
492 0.6
493 0.5333333333333333
494 0.6
495 0.5333333333333333
496 0.6666666666666666
497 0.5333333333333333
498 0.4666666666666667
499 0.4666666666666667
500 0.4666666666666667
501 0.4
502 0.4666666666666667
503 0.3333333333333333
504 0.4
505 0.26666666666666666
506 0.3333333333333333
507 0.3333333333333333
508 0.26666666666666666
509 0.26666666666666666
510 0.2
511 0.13333333333333333
512 0.26666666666666666
513 0.4
514 0.26666666666666666
515 0.26666666666666666
516 0.26666666666666666
517 0.3333333333333333
518 0.26666666666666666
519 0.2
520 0.4
521 0.5333333333333333
522 0.5333333333333333
523 0.6
524 0.6666666666666666
525 0.8
526 0.7333333333333333
527 0.6
528 0.4
529 0.4
530 0.26666666666666666
531 0.26666666666666666
532 0.2
533 0.26666666666666666
534 0.26666666666666666
535 0.2
536 0.26666666666666666
537 0.4
538 0.4
539 0.4666666666666667
540 0.5333333333333333
541 0.4666666666666667
542 0.4666666666666667
543 0.5333333333333333
544 0.5333333333333333
545 0.4
546 0.4666666666666667
547 0.4666666666666667
548 0.4
549 0.4666666666666667
550 0.4666666666666667
551 0.26666666666666666
552 0.4
553 0.3333333333333333
554 0.4
555 0.5333333333333333
556 0.6
557 0.5333333333333333
558 0.5333333333333333
559 0.5333333333333333
560 0.5333333333333333
561 0.4
562 0.3333333333333333
563 0.26666666666666666
564 0.2
565 0.0
566 0.0
567 0.0
568 0.0
569 0.0
570 0.2
571 0.4
572 0.4666666666666667
573 0.6
574 0.6666666666666666
575 0.6
576 0.8
577 0.8666666666666667
578 0.8666666666666667
579 0.6666666666666666
580 0.5333333333333333
581 0.4666666666666667
582 0.3333333333333333
583 0.2
584 0.13333333333333333
585 0.13333333333333333
586 0.06666666666666667
587 0.06666666666666667
588 0.06666666666666667
589 0.2
590 0.2
591 0.2
592 0.4
593 0.5333333333333333
594 0.6
595 0.4
596 0.4
597 0.4666666666666667
598 0.6666666666666666
599 0.7333333333333333
600 0.6
601 0.5333333333333333
602 0.4666666666666667
603 0.5333333333333333
604 0.6
605 0.6
606 0.5333333333333333
607 0.4
608 0.4
609 0.3333333333333333
610 0.3333333333333333
611 0.26666666666666666
612 0.06666666666666667
613 0.06666666666666667
614 0.0
615 0.0
616 0.0
617 0.06666666666666667
618 0.26666666666666666
619 0.3333333333333333
620 0.4666666666666667
621 0.7333333333333333
622 0.8
623 0.8666666666666667
624 1.0
625 1.0
626 0.8666666666666667
627 0.7333333333333333
628 0.4666666666666667
629 0.2
630 0.2
631 0.2
632 0.06666666666666667
633 0.06666666666666667
634 0.0
635 0.0
636 0.06666666666666667
637 0.13333333333333333
638 0.2
639 0.3333333333333333
640 0.4
641 0.6
642 0.5333333333333333
643 0.4666666666666667
644 0.4
645 0.4666666666666667
646 0.26666666666666666
647 0.4
648 0.4666666666666667
649 0.4666666666666667
650 0.4
651 0.3333333333333333
652 0.2
653 0.26666666666666666
654 0.3333333333333333
655 0.4
656 0.4
657 0.4
658 0.4
659 0.4
660 0.4666666666666667
661 0.26666666666666666
662 0.2
663 0.26666666666666666
664 0.3333333333333333
665 0.26666666666666666
666 0.2
667 0.13333333333333333
668 0.13333333333333333
669 0.2
670 0.2
671 0.3333333333333333
672 0.4666666666666667
673 0.6
674 0.6666666666666666
675 0.6666666666666666
676 0.7333333333333333
677 0.6666666666666666
678 0.6
679 0.3333333333333333
680 0.26666666666666666
681 0.26666666666666666
682 0.26666666666666666
683 0.26666666666666666
684 0.26666666666666666
685 0.3333333333333333
686 0.2
687 0.2
688 0.2
689 0.26666666666666666
690 0.4
691 0.4
692 0.4
693 0.4
694 0.4
695 0.26666666666666666
696 0.3333333333333333
697 0.4
698 0.3333333333333333
699 0.4
700 0.4666666666666667
701 0.5333333333333333
702 0.6
703 0.5333333333333333
704 0.5333333333333333
705 0.5333333333333333
706 0.5333333333333333
707 0.4666666666666667
708 0.4666666666666667
709 0.4
710 0.4
711 0.3333333333333333
712 0.2
713 0.13333333333333333
714 0.13333333333333333
715 0.13333333333333333
716 0.06666666666666667
717 0.06666666666666667
718 0.2
719 0.2
720 0.4
721 0.6
722 0.7333333333333333
723 0.8
724 0.8666666666666667
725 0.8666666666666667
726 0.8
727 0.6666666666666666
728 0.6
729 0.26666666666666666
730 0.13333333333333333
731 0.06666666666666667
732 0.0
733 0.0
734 0.0
735 0.0
736 0.06666666666666667
737 0.06666666666666667
738 0.06666666666666667
739 0.26666666666666666
740 0.26666666666666666
