250 0.4666666666666667
251 0.4666666666666667
252 0.4666666666666667
253 0.6666666666666666
254 0.6
255 0.6
256 0.6
257 0.5333333333333333
258 0.5333333333333333
259 0.4666666666666667
260 0.4
261 0.2
262 0.06666666666666667
263 0.06666666666666667
264 0.06666666666666667
265 0.13333333333333333
266 0.2
267 0.26666666666666666
268 0.2
269 0.4
270 0.4
271 0.5333333333333333
272 0.6
273 0.7333333333333333
274 0.8
275 0.8
276 0.5333333333333333
277 0.4666666666666667
278 0.5333333333333333
279 0.3333333333333333
280 0.4666666666666667
281 0.3333333333333333
282 0.2
283 0.26666666666666666
284 0.26666666666666666
285 0.06666666666666667
286 0.13333333333333333
287 0.3333333333333333
288 0.4666666666666667
289 0.4666666666666667
290 0.5333333333333333
291 0.5333333333333333
292 0.4666666666666667
293 0.5333333333333333
294 0.4
295 0.26666666666666666
296 0.4666666666666667
297 0.2
298 0.13333333333333333
299 0.26666666666666666
300 0.26666666666666666
301 0.26666666666666666
302 0.5333333333333333
303 0.4666666666666667
304 0.6
305 0.6
306 0.6666666666666666
307 0.6666666666666666
308 0.6666666666666666
309 0.6666666666666666
310 0.6
311 0.4
312 0.3333333333333333
313 0.2
314 0.2
315 0.06666666666666667
316 0.06666666666666667
317 0.06666666666666667
318 0.0
319 0.13333333333333333
320 0.2
321 0.4666666666666667
322 0.6
323 0.6666666666666666
324 0.6
325 0.5333333333333333
326 0.6
327 0.6666666666666666
328 0.6666666666666666
329 0.5333333333333333
330 0.4
331 0.4666666666666667
332 0.4
333 0.4666666666666667
334 0.3333333333333333
335 0.3333333333333333
336 0.2
337 0.13333333333333333
338 0.26666666666666666
339 0.3333333333333333
340 0.26666666666666666
341 0.3333333333333333
342 0.3333333333333333
343 0.3333333333333333
344 0.2
345 0.13333333333333333
346 0.2
347 0.26666666666666666
348 0.3333333333333333
349 0.4666666666666667
350 0.4666666666666667
351 0.5333333333333333
352 0.6
353 0.7333333333333333
354 0.7333333333333333
355 0.8
356 0.8
357 0.8666666666666667
358 0.7333333333333333
359 0.4666666666666667
360 0.4
361 0.26666666666666666
362 0.13333333333333333
363 0.06666666666666667
364 0.06666666666666667
365 0.0
366 0.0
367 0.0
368 0.06666666666666667
369 0.26666666666666666
370 0.2
371 0.4666666666666667
372 0.6
373 0.7333333333333333
374 0.7333333333333333
375 0.8
376 0.6
377 0.6666666666666666
378 0.5333333333333333
379 0.4666666666666667
380 0.4
381 0.4666666666666667
382 0.26666666666666666
383 0.2
384 0.26666666666666666
385 0.2
386 0.13333333333333333
387 0.2
388 0.26666666666666666
389 0.26666666666666666
390 0.3333333333333333
391 0.4
392 0.4666666666666667
393 0.5333333333333333
394 0.4
395 0.3333333333333333
396 0.13333333333333333
397 0.3333333333333333
398 0.4
399 0.5333333333333333
400 0.4
401 0.3333333333333333
402 0.4
403 0.4666666666666667
404 0.5333333333333333
405 0.6
406 0.7333333333333333
407 0.7333333333333333
408 0.5333333333333333
409 0.4
410 0.4
411 0.4
412 0.26666666666666666
413 0.2
414 0.2
415 0.13333333333333333
416 0.2
417 0.2
418 0.26666666666666666
419 0.3333333333333333
420 0.4666666666666667
421 0.4666666666666667
422 0.4666666666666667
423 0.4666666666666667
424 0.5333333333333333
425 0.5333333333333333
426 0.4
427 0.4666666666666667
428 0.4666666666666667
429 0.5333333333333333
430 0.3333333333333333
431 0.26666666666666666
432 0.3333333333333333
433 0.4
434 0.3333333333333333
435 0.3333333333333333
436 0.4
437 0.4
438 0.3333333333333333
439 0.4
440 0.6
441 0.4666666666666667
442 0.4666666666666667
443 0.4666666666666667
444 0.26666666666666666
445 0.2
446 0.26666666666666666
447 0.3333333333333333
448 0.2
449 0.3333333333333333
450 0.3333333333333333
451 0.3333333333333333
452 0.4666666666666667
453 0.6
454 0.6666666666666666
455 0.7333333333333333
456 0.6666666666666666
457 0.7333333333333333
458 0.6666666666666666
459 0.6666666666666666
460 0.7333333333333333
461 0.3333333333333333
462 0.2
463 0.2
464 0.06666666666666667
465 0.0
466 0.0
467 0.0
468 0.06666666666666667
469 0.13333333333333333
470 0.13333333333333333
471 0.3333333333333333
472 0.4666666666666667
473 0.6666666666666666
474 0.6666666666666666
475 0.8
476 0.7333333333333333
477 0.8
478 0.6666666666666666
479 0.5333333333333333
480 0.6
481 0.4666666666666667
482 0.3333333333333333
483 0.26666666666666666
484 0.2
485 0.13333333333333333
486 0.13333333333333333
487 0.4
488 0.3333333333333333
489 0.4
490 0.26666666666666666
491 0.26666666666666666
492 0.26666666666666666
493 0.26666666666666666
494 0.2
495 0.13333333333333333
496 0.06666666666666667
497 0.3333333333333333
498 0.4666666666666667
499 0.5333333333333333
500 0.5333333333333333
501 0.5333333333333333
502 0.5333333333333333
503 0.7333333333333333
504 0.7333333333333333
505 0.8666666666666667
506 0.6666666666666666
507 0.6
508 0.4666666666666667
509 0.3333333333333333
510 0.3333333333333333
511 0.26666666666666666
512 0.2
513 0.06666666666666667
514 0.0
515 0.06666666666666667
516 0.2
517 0.2
518 0.3333333333333333
519 0.4666666666666667
520 0.4
521 0.4666666666666667
522 0.6
523 0.6666666666666666
524 0.8
525 0.6666666666666666
526 0.6
527 0.4666666666666667
528 0.4666666666666667
529 0.4666666666666667
530 0.4666666666666667
531 0.3333333333333333
532 0.26666666666666666
533 0.13333333333333333
534 0.06666666666666667
535 0.13333333333333333
536 0.2
537 0.26666666666666666
538 0.4666666666666667
539 0.4666666666666667
540 0.4666666666666667
541 0.4666666666666667
542 0.4
543 0.5333333333333333
544 0.3333333333333333
545 0.26666666666666666
546 0.06666666666666667
547 0.06666666666666667
548 0.06666666666666667
549 0.13333333333333333
550 0.26666666666666666
551 0.26666666666666666
552 0.4666666666666667
553 0.5333333333333333
554 0.4666666666666667
555 0.6
556 0.6
557 0.7333333333333333
558 0.8
559 0.8
560 0.5333333333333333
561 0.6666666666666666
562 0.4666666666666667
563 0.3333333333333333
564 0.2
565 0.26666666666666666
566 0.2
567 0.13333333333333333
568 0.06666666666666667
569 0.06666666666666667
570 0.2
571 0.26666666666666666
572 0.4666666666666667
573 0.4666666666666667
574 0.6
575 0.6666666666666666
576 0.6666666666666666
577 0.5333333333333333
578 0.6
579 0.5333333333333333
580 0.5333333333333333
581 0.6
582 0.6
583 0.6
584 0.4
585 0.3333333333333333
586 0.4666666666666667
587 0.4666666666666667
588 0.3333333333333333
589 0.3333333333333333
590 0.3333333333333333
591 0.3333333333333333
592 0.26666666666666666
593 0.26666666666666666
594 0.2
595 0.13333333333333333
596 0.13333333333333333
597 0.2
598 0.2
599 0.4666666666666667
600 0.4666666666666667
601 0.5333333333333333
602 0.5333333333333333
603 0.6666666666666666
604 0.8
605 0.8666666666666667
606 0.7333333333333333
607 0.6
608 0.6
609 0.4666666666666667
610 0.4
611 0.26666666666666666
612 0.13333333333333333
613 0.06666666666666667
614 0.0
615 0.0
616 0.06666666666666667
617 0.06666666666666667
618 0.06666666666666667
619 0.3333333333333333
620 0.4
621 0.3333333333333333
622 0.6
623 0.6666666666666666
624 0.9333333333333333
625 0.8666666666666667
626 0.8666666666666667
627 0.8
628 0.6666666666666666
629 0.5333333333333333
630 0.4
631 0.4
632 0.26666666666666666
633 0.2
634 0.13333333333333333
635 0.2
636 0.13333333333333333
637 0.26666666666666666
638 0.26666666666666666
639 0.3333333333333333
640 0.3333333333333333
641 0.2
642 0.3333333333333333
643 0.5333333333333333
644 0.5333333333333333
645 0.3333333333333333
646 0.2
647 0.26666666666666666
648 0.2
649 0.4
650 0.5333333333333333
651 0.4
652 0.3333333333333333
653 0.5333333333333333
654 0.5333333333333333
655 0.6666666666666666
656 0.6666666666666666
657 0.7333333333333333
658 0.7333333333333333
659 0.4
660 0.4
661 0.26666666666666666
662 0.2
663 0.2
664 0.2
665 0.2
666 0.2
667 0.13333333333333333
668 0.2
669 0.26666666666666666
670 0.3333333333333333
671 0.3333333333333333
672 0.3333333333333333
673 0.4
674 0.6
675 0.6
676 0.6
677 0.5333333333333333
678 0.6
679 0.3333333333333333
680 0.4
681 0.4
682 0.4
683 0.3333333333333333
684 0.4
685 0.4
686 0.4
687 0.4
688 0.4666666666666667
689 0.4
690 0.4
691 0.3333333333333333
692 0.4
693 0.5333333333333333
694 0.4
695 0.26666666666666666
696 0.13333333333333333
697 0.13333333333333333
698 0.06666666666666667
699 0.26666666666666666
700 0.26666666666666666
701 0.26666666666666666
702 0.4
703 0.5333333333333333
704 0.6666666666666666
705 0.7333333333333333
706 0.9333333333333333
707 0.9333333333333333
708 0.8666666666666667
709 0.6666666666666666
710 0.4666666666666667
711 0.3333333333333333
712 0.2
713 0.13333333333333333
714 0.06666666666666667
715 0.06666666666666667
716 0.06666666666666667
717 0.0
718 0.13333333333333333
719 0.13333333333333333
720 0.2
721 0.3333333333333333
722 0.4
723 0.4666666666666667
724 0.4
725 0.6
726 0.7333333333333333
727 0.8
728 0.8
729 0.6
730 0.5333333333333333
731 0.4666666666666667
732 0.4
733 0.26666666666666666
734 0.3333333333333333
735 0.3333333333333333
736 0.2
737 0.26666666666666666
738 0.3333333333333333
739 0.26666666666666666
740 0.3333333333333333